196 128
70.11 30.28 9.04 1.367
 0 0 0 0 12 4 0 0 7 1 0 0 2 5 15 15 63 55 0 0
 0 0 7 15 24 28 1 3 4 2 4 2 0 0 0 0 115 85 17 5
 55 2 0 0 9 21 104 115 115 54 0 0 16 54 114 88 115 48 0 0
 3 6 14 18 1 0 0 0 115 115 42 4 115 47 0 0 13 50 46 50
 97 42 2 2 69 78 16 20 115 29 1 1 13 19 1 34 0 0 0 4
 77 53 8 0 74 18 0 2 56 57 6 8 114 26 2 2 49 31 7 23
 105 62 8 3 41 16 1 4
70.11 30.28 9.04 0.297
 0 1 16 0 0 0 0 0 6 36 114 3 0 4 2 5 24 98 88 0
 0 0 1 8 29 88 43 7 7 0 0 0 20 14 17 0 0 0 0 4
 114 76 96 0 0 0 22 73 20 80 80 1 1 19 114 34 5 98 99 5
 2 18 60 8 19 1 0 0 0 17 32 15 114 114 26 0 0 5 25 52
 20 105 114 3 1 10 50 20 9 96 76 2 0 22 45 9 1 0 0 0
 0 40 108 24 12 5 1 0 0 40 114 59 8 11 13 0 0 17 109 44
 1 30 30 0 1 31 60 2
53.14 12.63 5.61 1.794
 0 0 0 0 2 7 6 0 8 0 0 0 0 0 2 3 5 0 0 0
 0 0 0 0 0 0 0 0 0 0 0 0 0 0 0 0 2 33 139 29
 103 13 0 0 0 31 124 38 139 60 0 0 0 1 3 9 26 11 6 14
 3 0 0 0 45 0 0 1 7 31 139 136 43 2 0 7 97 139 139 24
 139 16 0 0 12 16 8 83 50 4 3 11 13 33 9 16 93 4 6 13
 30 4 6 33 39 0 0 28 139 13 3 18 139 0 0 1 15 1 0 90
 29 0 0 0 0 16 14 30
30.12 66.08 6.24 1.531
 48 2 1 2 113 41 5 1 140 10 0 0 9 4 1 14 38 0 0 0
 0 1 18 49 6 0 0 0 0 0 29 31 43 2 5 5 114 49 10 10
 140 11 1 1 22 9 10 82 43 8 9 19 6 6 42 82 51 9 2 2
 0 0 3 26 32 5 5 20 140 30 13 12 140 75 16 11 43 4 1 11
 61 39 59 60 3 1 3 7 130 20 6 4 0 0 0 26 22 3 4 24
 137 0 0 0 140 26 2 6 39 0 0 2 94 8 6 7 7 3 0 14
 140 1 0 0 0 0 0 85
17.46 123.05 6.33 0.937
 5 36 8 18 8 1 0 0 122 118 1 0 0 1 0 0 87 52 0 0
 0 0 0 0 0 0 0 0 0 0 0 0 33 110 0 0 2 8 0 0
 113 89 0 0 1 9 3 18 137 132 0 0 0 0 0 29 29 4 0 0
 0 0 0 1 79 75 0 0 15 32 0 10 124 27 0 0 0 2 5 137
 137 9 0 0 0 0 0 137 35 1 0 0 0 0 0 7 67 3 1 8
 17 15 2 120 133 1 0 0 0 0 0 137 18 0 0 0 0 0 0 58
 0 0 0 0 0 0 0 0
195.44 42.91 5.06 1.522
 0 0 98 36 0 0 0 1 0 0 121 38 0 2 23 10 0 1 90 17
 2 16 20 1 0 0 47 6 2 6 11 0 32 1 5 1 0 0 0 21
 118 17 7 5 9 37 129 129 5 3 9 20 129 129 129 28 0 0 13 5
 31 14 0 0 45 27 1 0 0 0 0 4 129 129 129 40 12 10 12 49
 8 26 117 129 129 45 11 9 0 1 2 19 44 3 4 4 1 6 0 0
 0 0 4 2 1 32 53 9 0 1 5 1 0 2 44 40 4 3 2 1
 1 0 0 3 2 1 8 21
195.44 42.91 5.06 0.287
 2 0 0 22 56 17 14 12 0 0 0 13 22 6 34 17 1 0 0 4
 4 27 32 1 23 11 0 0 0 2 1 1 28 2 0 34 101 1 0 24
 133 32 7 8 11 40 133 133 7 6 7 28 125 133 133 29 6 4 0 2
 32 30 4 6 32 21 0 18 75 0 0 4 133 133 133 29 7 8 10 39
 8 39 133 133 133 45 10 7 0 0 0 21 47 8 1 3 0 3 0 3
 10 0 0 0 0 24 39 3 0 0 0 0 4 4 41 29 1 0 0 0
 6 0 0 3 4 3 0 2
195.44 42.91 5.06 -1.652
 2 1 6 18 3 0 1 5 2 2 1 0 0 3 45 32 0 1 6 2
 1 24 34 6 0 0 3 2 0 3 0 0 61 5 5 4 0 0 2 32
 131 35 9 11 17 48 131 131 4 4 6 33 131 131 118 21 0 0 0 1
 25 17 0 0 55 28 0 0 0 0 9 7 131 131 131 52 15 8 10 31
 4 20 115 131 131 25 8 4 0 0 0 12 24 1 4 1 1 6 6 0
 0 0 46 7 2 22 35 3 0 0 82 16 0 2 26 17 0 0 109 43
 0 0 0 1 0 0 85 36
195.44 42.91 5.06 -3.119
 0 0 0 0 5 2 1 4 0 0 0 0 0 3 33 18 3 0 0 0
 0 13 22 1 74 13 0 0 0 0 0 0 49 7 0 1 5 1 1 35
 112 26 6 6 12 53 129 129 7 3 4 22 124 129 118 13 129 29 0 1
 17 9 0 0 56 43 4 3 1 1 0 5 129 129 129 50 16 14 15 42
 9 17 121 129 129 43 9 4 108 16 2 13 20 1 0 5 0 5 3 2
 10 17 0 0 3 31 60 5 3 2 0 1 17 4 40 24 0 0 0 1
 52 6 6 11 10 0 0 2
86.44 108.90 5.54 1.598
 31 15 0 7 69 3 0 2 57 8 0 16 123 3 0 5 125 17 1 13
 21 2 2 26 24 12 1 32 95 1 1 2 37 3 0 3 87 33 7 21
 89 7 1 15 125 15 3 14 125 18 0 3 49 4 1 27 26 4 0 26
 125 2 0 3 20 14 34 39 123 8 0 2 79 14 26 52 106 1 0 6
 125 36 22 17 29 1 0 13 10 2 15 44 116 2 0 6 2 9 18 66
 101 0 0 0 26 29 19 18 8 0 1 22 45 53 46 10 1 0 74 79
 2 4 28 25 17 1 125 81
53.57 132.43 4.86 0.397
 0 95 60 0 0 10 8 0 22 102 41 0 0 3 3 5 162 22 1 0
 0 0 1 71 104 3 0 0 0 0 0 20 0 25 10 0 2 101 57 0
 79 125 20 0 4 50 25 4 162 71 0 0 0 1 0 22 77 0 0 0
 0 0 0 6 0 17 22 9 15 47 21 0 116 4 2 33 52 47 11 30
 162 5 0 0 1 1 0 71 24 0 0 0 0 0 0 1 0 54 85 15
 9 9 2 0 131 26 34 35 22 1 0 16 162 12 0 0 0 0 0 23
 0 0 0 0 0 0 0 0
107.85 125.68 4.13 -1.644
 1 0 1 36 15 14 6 4 38 0 0 0 1 25 22 29 107 0 0 0
 0 4 12 79 2 0 0 0 2 11 12 15 28 1 2 27 24 31 11 18
 100 1 0 0 25 32 46 30 140 14 0 0 20 21 18 88 12 1 0 0
 68 45 10 12 73 10 0 2 90 19 6 18 103 3 0 0 29 49 120 82
 140 48 0 0 46 34 24 15 36 7 0 1 116 31 0 1 114 10 0 2
 97 18 0 3 140 18 3 8 86 20 8 19 140 80 5 12 87 15 1 0
 31 27 8 13 59 11 3 1
206.59 135.04 3.43 1.772
 0 0 0 0 15 10 0 0 72 6 2 8 123 40 0 0 157 28 1 4
 15 2 0 13 98 26 0 3 7 1 0 2 0 0 0 0 40 12 0 0
 77 4 0 1 157 75 11 6 157 31 3 7 25 14 8 24 112 34 3 7
 11 5 0 2 2 0 1 1 9 7 2 5 24 0 0 0 40 101 157 65
 140 23 7 10 4 53 157 81 85 21 6 11 2 15 37 43 0 0 0 0
 0 0 0 1 3 0 0 0 0 0 32 24 0 0 0 0 0 33 99 10
 3 0 0 0 0 15 38 26
110.36 72.11 3.09 1.685
 0 0 0 6 30 3 0 0 33 0 0 6 133 2 1 12 133 0 0 5
 70 3 3 58 6 0 0 15 133 3 0 2 0 0 0 0 38 22 9 0
 70 1 0 1 133 10 1 9 133 7 0 6 107 8 2 35 3 0 0 9
 133 21 0 0 0 4 10 14 43 7 1 0 72 8 0 25 133 3 0 4
 133 39 6 35 85 0 0 10 1 0 1 35 133 5 0 0 0 0 1 6
 43 3 2 1 44 7 0 15 133 2 0 8 107 34 7 22 42 14 5 33
 0 0 1 29 97 12 1 0
81.50 54.00 2.86 1.712
 0 0 0 19 106 8 0 0 73 0 0 1 35 1 0 15 138 1 0 5
 20 0 0 44 49 4 1 34 122 2 0 5 0 0 0 10 138 0 0 0
 118 3 0 1 35 0 0 7 138 33 2 14 41 0 0 19 62 9 2 43
 138 0 0 15 0 0 0 14 122 2 0 0 107 2 0 1 25 1 0 17
 138 31 6 19 41 0 0 25 45 31 4 47 135 0 0 9 0 0 0 2
 90 10 0 0 76 2 0 0 13 3 0 39 109 26 8 17 14 24 28 80
 24 4 3 30 39 42 20 59
75.50 100.59 3.35 1.563
 12 2 0 9 50 2 0 0 130 19 0 4 14 1 0 11 87 8 0 16
 130 4 0 5 97 4 0 11 94 0 0 4 23 2 0 7 65 6 0 4
 130 21 0 1 25 4 0 60 92 11 0 5 130 11 1 17 111 12 0 8
 123 3 0 3 19 6 0 4 86 2 0 1 130 66 0 3 21 2 0 13
 86 19 1 8 130 23 1 17 79 10 3 31 101 5 0 16 14 0 0 4
 51 5 0 3 130 3 0 4 14 1 0 21 62 8 1 29 108 7 0 13
 26 12 3 20 64 14 3 16
75.55 46.61 2.92 1.696
 18 0 0 0 40 5 0 4 141 1 0 0 3 0 0 31 87 2 0 9
 141 13 0 12 104 5 0 12 60 4 0 7 32 0 0 2 49 1 0 5
 141 5 0 2 8 0 0 42 89 6 2 49 141 1 0 13 115 15 2 12
 74 6 1 14 36 1 0 1 43 0 0 2 141 33 1 4 11 0 0 12
 82 19 2 40 141 0 0 8 118 32 6 12 61 9 3 38 27 0 0 1
 25 1 0 5 141 23 4 7 7 0 1 20 39 19 7 51 108 5 2 12
 41 52 13 19 25 9 10 36
74.29 112.98 2.94 1.518
 78 19 0 1 24 0 0 8 137 58 1 3 56 6 1 27 66 12 1 3
 137 18 0 9 93 12 0 7 94 7 0 8 68 19 0 0 38 3 0 2
 137 62 0 3 38 8 0 10 69 15 1 8 137 44 0 15 69 22 6 38
 94 6 0 11 71 0 0 0 32 10 0 7 137 9 0 10 34 1 0 11
 57 11 1 41 137 4 0 16 42 14 3 19 76 23 7 33 36 9 0 0
 26 4 0 0 137 84 24 22 16 0 0 0 29 39 36 75 69 0 0 4
 24 35 39 54 42 1 1 7
67.96 44.51 2.88 1.636
 124 5 0 0 3 1 0 14 61 4 0 3 117 19 0 7 109 10 0 10
 63 6 0 3 5 1 0 17 124 3 0 0 124 4 0 0 4 0 0 13
 73 6 1 27 124 3 0 5 117 23 2 9 74 9 0 9 7 1 0 2
 124 30 0 1 124 32 0 1 4 0 0 3 67 19 2 21 124 1 0 4
 124 34 5 9 61 11 2 33 7 3 3 12 124 32 1 4 124 17 1 1
 1 0 0 5 43 16 5 31 99 3 0 3 45 61 13 16 31 5 7 29
 2 7 8 30 86 21 5 4
67.96 44.51 2.88 -1.577
 84 32 7 6 2 5 7 22 32 6 7 31 42 64 14 15 107 7 0 2
 40 21 4 24 2 0 0 1 123 27 1 1 123 44 0 2 4 3 3 13
 60 18 2 23 123 46 7 8 123 6 0 3 61 22 2 9 10 0 0 0
 123 50 0 2 123 49 0 1 5 0 0 0 81 22 1 8 106 31 1 4
 123 8 0 2 60 13 2 16 14 0 0 2 123 15 0 1 123 10 0 0
 6 0 0 3 91 6 0 1 86 18 0 9 113 31 0 3 54 8 0 2
 14 4 0 12 123 17 0 0
67.09 102.05 2.90 1.532
 123 10 0 1 8 2 0 12 53 4 0 5 123 10 0 4 123 9 0 4
 72 0 0 1 4 1 0 8 123 0 0 0 123 19 0 0 13 3 0 40
 51 9 0 3 123 16 1 11 123 24 0 3 85 4 0 5 8 1 0 4
 123 12 0 0 123 62 0 1 9 1 0 4 54 16 1 5 123 27 0 10
 117 13 2 19 69 8 0 22 7 0 0 31 123 5 0 2 123 2 0 1
 4 0 0 11 50 4 0 19 103 10 0 5 37 22 4 16 46 10 2 17
 5 0 0 13 89 17 1 2
67.09 102.05 2.90 -1.568
 88 13 0 2 6 0 0 17 46 9 2 17 37 21 5 20 102 8 0 8
 43 4 0 24 5 0 0 19 124 1 0 2 124 3 0 2 7 0 0 37
 69 6 0 28 116 10 2 22 124 20 0 12 53 13 1 7 9 1 0 8
 124 52 0 2 124 6 0 0 8 1 0 10 83 1 0 6 124 17 0 6
 124 9 1 14 50 8 0 6 11 2 0 48 124 18 0 0 124 0 0 0
 6 0 0 18 63 0 0 4 124 3 0 6 123 6 0 7 52 3 0 8
 5 1 0 18 124 6 0 1
67.39 64.70 3.01 1.144
 21 61 2 1 54 56 0 0 43 88 23 4 36 45 0 1 11 29 29 22
 73 71 11 8 14 17 0 0 29 60 6 0 57 110 6 3 20 19 0 0
 33 34 16 9 99 65 11 5 110 24 10 3 22 48 31 50 10 5 0 0
 106 110 14 5 75 90 5 2 1 1 0 4 90 33 7 6 36 40 73 53
 103 81 3 4 47 43 35 12 19 44 1 0 110 110 0 0 62 26 0 0
 2 11 1 2 110 100 0 1 35 14 4 10 25 58 2 7 110 48 1 0
 49 69 1 1 53 35 0 0
66.06 59.60 3.37 1.189
 45 57 0 0 57 49 0 0 63 75 3 1 46 55 1 3 18 18 5 6
 77 113 2 2 38 44 0 0 19 25 0 0 71 113 2 1 30 24 0 0
 37 79 19 4 96 79 0 1 49 56 41 22 66 63 20 26 20 17 0 1
 58 98 12 4 71 109 3 1 3 4 0 0 55 58 13 15 72 43 35 25
 113 33 1 0 38 49 38 41 19 13 0 0 113 113 7 4 50 22 0 0
 4 15 0 1 113 55 1 0 29 18 24 30 47 70 3 8 94 36 16 5
 29 48 1 1 99 61 0 0
66.06 59.60 3.37 -1.644
 113 12 0 0 15 3 0 5 101 9 1 7 101 38 1 13 89 26 20 26
 82 13 1 29 3 2 2 29 113 6 0 0 113 39 4 1 28 2 0 2
 88 42 25 90 99 9 1 3 64 50 40 48 58 19 6 24 3 2 4 24
 113 36 3 3 89 32 2 0 35 5 0 10 83 31 11 25 45 69 27 31
 113 17 0 5 60 52 5 14 17 2 0 0 113 61 1 2 56 26 0 0
 39 6 0 0 105 58 2 9 59 17 2 3 113 11 0 4 70 22 1 5
 31 2 0 0 113 35 0 1
62.12 22.20 3.02 -1.423
 11 0 0 18 102 0 0 0 121 4 0 2 9 0 0 35 88 4 0 9
 117 7 0 19 108 5 0 7 64 2 0 17 29 2 0 21 121 0 0 3
 121 27 7 10 14 0 0 52 88 17 12 54 121 4 0 21 118 21 9 46
 69 0 0 11 13 13 2 15 121 1 0 0 79 121 91 18 4 0 0 2
 16 59 121 97 17 0 0 1 18 64 120 64 19 0 0 1 0 1 0 2
 63 73 7 0 0 11 28 3 10 24 3 0 0 8 54 6 0 0 0 0
 0 13 41 5 0 0 0 0
58.95 65.68 3.04 -1.537
 16 0 0 4 112 2 0 2 125 1 0 0 11 3 0 35 68 0 0 6
 125 24 1 24 96 0 0 3 56 9 1 45 26 0 0 5 125 4 0 3
 125 10 2 6 15 2 0 33 74 22 10 59 125 17 0 16 54 54 36 49
 48 4 1 25 25 4 0 11 125 0 0 1 125 75 20 18 8 3 3 20
 38 26 26 114 67 26 6 13 60 24 17 20 37 19 8 35 15 2 0 1
 95 1 0 0 125 22 1 2 6 7 8 31 52 6 1 12 76 68 14 17
 99 2 0 1 48 17 1 11
104.23 66.56 2.41 1.637
 9 0 0 2 116 2 0 2 138 0 0 1 26 2 0 33 48 0 0 13
 138 10 1 9 0 0 0 4 71 2 0 0 17 0 0 0 132 10 0 4
 138 11 0 0 32 7 1 52 45 2 0 13 138 31 1 10 0 0 0 4
 76 11 0 0 16 2 0 0 136 13 0 0 138 32 0 2 33 2 0 14
 55 7 0 19 138 26 0 3 0 0 0 2 78 22 0 0 12 1 0 11
 107 3 0 0 138 44 4 7 24 0 0 11 30 14 5 43 138 1 0 2
 0 0 0 5 56 3 0 0
104.11 56.28 2.45 1.520
 42 8 0 0 88 15 0 0 144 30 0 4 41 6 1 6 9 1 0 15
 144 18 1 1 0 0 0 1 49 11 0 0 45 1 0 0 122 28 0 1
 144 11 0 0 43 16 3 18 21 1 0 1 144 56 2 3 0 0 0 0
 67 16 0 0 37 0 0 0 129 25 0 2 144 14 0 0 43 9 1 14
 32 2 0 6 144 32 1 2 0 0 0 1 71 13 0 0 18 2 0 0
 92 27 0 1 144 44 0 0 26 11 1 11 34 9 0 1 144 67 1 2
 0 0 0 0 52 29 1 0
104.11 56.28 2.45 -1.512
 52 14 0 0 0 0 0 0 140 37 1 3 21 3 0 4 34 7 1 25
 140 22 0 0 98 9 0 3 25 2 0 0 76 2 0 0 0 0 0 4
 140 11 1 5 33 0 0 24 41 5 1 45 140 0 0 3 138 6 0 6
 27 0 0 1 79 6 0 0 0 0 0 0 140 24 2 11 37 0 0 5
 35 7 2 49 140 1 0 0 140 6 0 3 20 0 0 1 65 3 0 0
 0 0 0 7 139 9 1 4 37 1 0 30 22 2 0 11 140 6 0 3
 119 4 0 0 14 1 0 1
76.93 30.32 2.78 1.549
 9 0 0 0 11 4 1 9 49 0 0 0 0 6 67 72 14 0 0 1
 17 59 111 40 27 0 0 0 15 27 80 76 37 0 0 0 18 7 0 7
 135 7 0 0 15 7 12 84 76 8 0 19 135 52 20 28 135 22 0 5
 82 11 6 25 38 2 0 0 23 8 0 2 135 52 0 0 13 4 0 13
 77 19 0 5 135 62 0 4 135 29 0 7 76 15 0 1 20 0 0 0
 23 6 0 1 135 19 0 0 4 1 0 4 65 11 1 16 135 12 0 4
 98 36 2 5 53 11 0 10
75.27 126.66 2.60 1.776
 7 0 0 4 35 1 0 5 135 0 0 0 2 0 0 91 79 0 1 70
 83 1 0 45 42 18 5 36 55 2 2 29 29 1 0 7 30 0 0 6
 135 26 8 13 7 0 0 54 62 10 9 131 125 0 0 23 67 10 3 38
 30 3 7 97 14 10 4 13 12 0 3 2 69 98 76 17 1 0 10 1
 24 48 86 101 25 0 6 2 46 82 60 49 12 0 2 10 0 1 2 4
 0 0 79 77 0 5 11 0 0 14 135 25 0 6 13 2 0 18 135 1
 0 12 19 5 0 11 135 0
75.27 126.66 2.60 -1.867
 0 0 117 117 0 0 0 0 0 0 117 117 1 0 12 9 1 0 18 73
 7 10 21 5 28 6 0 2 2 2 2 8 3 0 41 62 0 17 57 23
 54 2 8 13 1 22 63 110 11 0 0 0 47 117 69 30 18 13 0 0
 20 23 0 0 73 2 0 3 46 54 53 42 117 30 0 2 55 44 12 22
 73 14 0 0 117 116 5 7 6 8 0 0 89 40 0 0 68 31 12 22
 45 8 3 5 117 21 0 12 58 21 4 3 88 26 1 0 116 46 0 2
 1 1 0 0 117 43 0 0
75.34 22.24 2.44 1.255
 1 0 0 0 0 0 7 9 0 0 0 0 0 2 30 12 7 0 0 0
 0 0 33 67 7 0 0 0 3 26 96 69 28 2 0 0 0 0 4 40
 50 7 0 0 2 15 119 119 63 10 0 0 31 70 118 71 117 30 0 0
 37 46 34 65 72 19 0 0 1 3 0 8 119 55 0 0 13 15 16 44
 50 24 0 0 119 119 14 9 113 119 0 1 38 27 0 0 29 11 0 0
 5 11 0 0 119 119 0 0 1 3 0 3 44 59 1 0 71 113 1 2
 57 56 1 0 46 61 0 0
75.34 22.24 2.44 -0.092
 66 30 0 0 0 0 0 5 87 126 70 1 0 0 20 31 1 14 129 45
 0 3 58 10 0 0 127 38 0 3 41 17 39 17 0 0 0 0 0 4
 129 57 26 0 0 1 31 91 15 16 62 12 0 15 129 63 0 3 39 17
 0 1 129 84 30 9 0 0 0 0 0 5 129 121 68 1 0 0 2 17
 15 82 129 10 0 0 25 14 0 14 129 71 0 0 14 8 5 8 0 0
 0 0 0 1 4 33 32 1 0 0 1 1 0 13 92 3 0 0 3 3
 0 3 65 10 0 0 6 4
74.54 79.77 2.91 1.609
 7 0 0 0 23 7 0 3 97 19 3 1 0 1 13 65 32 10 8 29
 39 65 58 44 93 1 0 7 32 19 13 69 15 1 0 1 31 7 0 5
 132 8 0 4 7 0 4 63 86 10 2 88 132 23 14 25 132 26 2 24
 65 5 0 7 20 3 1 11 32 0 0 0 132 27 2 7 13 0 0 10
 87 12 3 46 132 1 0 5 132 8 1 16 70 2 2 21 23 0 0 5
 26 0 0 7 132 1 0 1 18 3 0 57 64 2 0 13 132 7 0 14
 132 6 1 10 70 0 0 11
73.74 59.42 2.57 1.686
 57 3 0 0 9 0 0 3 125 34 1 7 26 0 0 14 43 8 1 35
 125 1 0 11 112 12 0 3 37 8 3 48 58 2 0 0 8 0 0 11
 125 32 2 8 30 2 1 32 54 23 2 29 125 4 1 6 106 92 26 19
 33 3 2 17 54 5 0 0 6 0 0 13 125 63 25 26 13 8 20 44
 27 12 17 85 102 33 18 34 49 27 12 9 16 18 41 113 57 0 0 0
 3 1 0 39 105 4 1 13 13 24 49 125 47 2 1 35 62 93 40 36
 101 2 0 16 50 6 7 70
73.74 59.42 2.57 -1.652
 39 20 5 15 122 24 0 11 72 69 67 46 48 4 1 28 0 1 13 76
 122 7 0 0 11 8 1 5 18 0 0 0 21 17 22 97 122 5 1 2
 97 46 46 24 26 20 20 64 5 1 8 26 122 89 18 12 10 4 0 2
 33 7 0 0 27 5 9 25 49 105 38 17 122 45 1 2 39 34 3 16
 27 7 1 3 122 79 3 4 7 3 0 2 56 16 0 0 37 22 4 23
 105 40 6 5 122 27 0 6 61 18 1 3 59 8 0 2 122 78 1 3
 3 1 0 0 85 25 0 0
72.90 71.23 2.61 1.343
 89 55 0 0 0 0 0 0 54 49 16 25 78 29 2 1 66 21 7 11
 68 20 6 29 57 5 6 4 38 38 36 54 60 36 1 0 1 1 0 5
 98 46 18 18 16 18 57 80 90 12 1 14 55 84 84 29 123 38 0 1
 81 23 2 13 69 7 0 0 4 7 1 5 123 47 0 5 24 7 9 31
 46 31 2 40 123 39 10 6 113 97 1 8 46 12 0 0 21 12 1 1
 13 6 0 0 123 105 0 3 10 1 0 0 34 32 1 8 123 36 0 0
 123 44 0 1 41 13 0 1
69.56 29.13 2.58 1.632
 29 0 0 0 0 1 34 48 6 0 0 0 9 55 105 24 14 0 0 0
 5 21 79 74 1 0 0 0 28 59 63 12 124 0 0 0 2 1 6 74
 46 1 0 24 122 41 25 36 124 6 0 11 52 15 13 54 15 0 0 16
 124 25 10 11 124 16 0 0 5 1 0 18 56 9 0 7 124 36 0 8
 124 16 0 10 64 11 0 6 16 3 0 27 124 3 0 0 124 3 0 0
 2 0 0 11 43 5 1 24 124 7 0 5 114 26 1 9 52 6 0 6
 12 3 0 4 124 25 0 0
69.56 29.13 2.58 -1.481
 124 21 0 1 12 3 0 4 50 5 0 9 114 25 1 10 124 3 0 7
 40 4 1 31 3 0 0 18 124 2 0 0 124 3 0 0 18 3 0 33
 66 11 0 10 124 11 0 10 124 28 0 6 59 8 0 7 4 0 0 14
 124 11 0 0 124 18 7 12 20 1 0 23 54 12 8 45 124 6 0 15
 124 30 14 38 49 1 0 28 2 1 2 74 124 1 0 0 34 59 65 16
 2 0 0 0 8 27 72 75 18 0 0 0 15 60 104 29 12 0 0 1
 0 0 26 51 40 0 0 0
67.37 117.46 2.79 -1.738
 46 0 17 17 3 2 20 43 30 0 3 4 28 61 59 37 84 2 0 0
 27 43 38 65 3 0 0 0 78 63 11 2 121 20 3 4 6 1 1 30
 75 10 6 46 115 26 6 16 121 6 0 4 71 16 0 14 9 0 0 0
 121 34 0 1 106 45 4 3 5 1 1 13 70 19 6 20 71 54 18 26
 121 61 1 5 63 19 1 9 12 6 0 1 121 48 0 1 121 14 0 1
 6 0 0 11 87 12 0 10 121 19 1 13 121 51 0 7 64 14 1 1
 37 9 0 8 87 85 2 1
67.11 77.53 2.65 1.667
 60 8 1 0 0 0 8 54 19 8 8 22 26 58 54 39 82 0 0 8
 20 27 13 81 17 0 0 26 96 22 15 27 122 2 0 2 3 0 2 57
 55 4 2 88 105 19 12 25 122 18 2 33 46 8 1 15 26 3 0 32
 122 0 0 2 122 12 1 6 8 0 0 11 53 7 3 62 122 0 0 4
 122 7 1 19 47 0 1 29 14 2 0 56 122 1 0 2 111 1 0 2
 15 2 0 39 41 1 0 22 122 3 0 11 122 1 1 13 53 0 0 25
 4 0 0 35 122 0 0 1
67.11 77.53 2.65 -1.768
 119 28 0 0 27 11 0 1 51 14 0 0 119 40 0 0 103 34 1 2
 43 16 0 4 1 0 0 0 106 43 0 1 119 29 1 1 16 5 0 6
 52 12 1 3 119 57 0 4 119 27 0 0 38 27 1 13 12 1 0 0
 119 68 0 3 119 52 0 0 3 5 0 4 61 16 0 1 117 85 1 8
 119 42 23 10 45 22 1 34 12 6 15 36 119 15 0 3 119 28 1 0
 2 0 0 0 70 20 9 30 110 11 0 0 31 44 43 23 63 3 1 9
 14 8 21 27 35 32 13 14
62.61 126.15 2.38 -1.954
 0 0 101 128 0 0 0 0 0 0 94 128 0 0 14 4 12 0 28 68
 0 1 21 47 11 0 2 5 2 36 68 56 23 1 33 128 14 1 0 14
 60 3 7 16 2 23 90 95 68 12 0 0 25 84 71 42 118 32 0 0
 23 57 21 38 54 8 0 3 39 8 0 2 128 37 3 5 17 12 10 25
 51 16 3 16 128 55 8 4 128 54 0 0 28 14 0 1 23 9 0 0
 43 17 0 0 103 99 15 7 4 0 0 2 33 21 12 20 56 42 21 14
 81 67 1 0 20 24 4 1
61.54 40.58 2.44 -1.398
 36 2 0 4 25 0 0 2 131 10 1 3 4 7 12 41 29 4 2 28
 124 65 17 15 123 0 0 4 34 9 0 23 52 2 0 7 22 0 0 0
 131 19 3 10 16 3 0 6 44 7 5 77 131 13 1 9 131 1 0 10
 31 4 1 49 52 4 0 6 15 0 0 4 131 13 0 3 26 2 0 32
 62 4 0 19 131 18 1 18 131 2 0 8 33 3 1 51 64 1 0 4
 9 0 0 16 131 0 0 3 40 3 1 65 55 6 0 22 131 3 0 10
 131 9 0 7 35 3 0 9
60.75 51.07 2.84 -1.441
 29 3 0 13 57 0 0 5 121 58 29 24 6 1 3 37 27 22 28 121
 76 5 2 13 33 47 34 27 20 11 12 36 39 4 0 7 57 0 0 8
 121 28 12 7 12 29 35 77 68 3 9 31 102 94 24 22 121 3 1 12
 62 16 9 38 51 4 0 7 48 0 0 0 121 33 5 20 31 8 2 8
 90 6 4 64 121 23 2 16 121 1 0 8 80 18 2 30 35 4 0 7
 32 0 0 1 121 18 0 3 35 5 0 14 81 4 0 11 121 19 2 22
 89 3 0 15 77 2 0 24
60.37 96.52 2.82 1.618
 61 8 2 21 93 2 0 5 132 2 0 11 73 1 1 19 44 2 0 42
 132 2 1 8 30 2 0 13 39 0 0 2 54 1 0 11 132 8 0 27
 132 11 0 12 93 0 0 17 43 3 1 39 132 1 0 3 53 1 0 10
 39 0 0 5 40 20 1 17 132 4 0 14 132 16 0 11 90 3 0 42
 30 3 0 38 132 13 0 7 63 0 0 4 34 2 0 11 46 6 0 12
 106 14 0 13 94 20 6 26 55 7 0 33 8 2 2 66 132 6 1 3
 53 0 0 3 12 1 0 25
60.37 96.52 2.82 -1.615
 13 2 0 16 57 0 0 1 133 7 0 2 10 2 2 45 56 11 0 24
 108 18 4 17 102 22 0 7 45 11 0 4 23 3 0 4 78 0 0 1
 133 30 0 3 19 4 0 18 85 7 0 21 133 33 0 4 133 13 0 11
 36 15 1 3 19 0 0 0 79 4 0 3 133 6 0 0 17 3 0 10
 92 2 0 4 133 22 0 4 133 17 0 10 52 3 0 3 14 0 0 0
 57 5 0 3 133 5 1 2 11 2 0 22 65 4 1 9 133 13 0 6
 125 3 0 0 40 10 1 13
60.10 86.87 2.32 1.534
 20 7 1 43 116 2 0 1 139 45 1 11 24 1 0 0 16 8 0 19
 139 18 0 0 11 1 0 3 58 6 0 0 29 6 1 17 139 1 0 0
 139 14 0 4 38 3 2 15 24 3 0 33 139 7 2 5 12 2 0 12
 61 0 0 0 28 2 0 4 139 14 0 3 139 16 1 3 45 1 0 6
 27 4 1 11 139 3 0 0 14 2 0 8 64 0 0 0 17 3 0 2
 139 10 0 3 139 31 0 2 35 0 0 4 21 5 0 5 139 14 0 1
 15 0 0 2 53 5 0 0
60.10 86.87 2.32 -1.652
 58 9 0 0 13 0 0 1 140 22 0 0 23 7 0 1 37 2 0 1
 140 39 0 1 140 19 0 3 17 3 0 0 64 1 0 0 15 3 0 5
 140 13 0 0 24 5 1 5 46 3 0 2 140 28 1 2 140 21 0 2
 30 3 0 3 54 1 0 0 15 4 0 7 140 13 1 3 16 3 0 25
 38 5 2 10 140 24 0 4 140 5 0 0 33 8 1 11 43 6 0 0
 17 3 0 1 140 29 0 0 7 6 0 15 30 3 0 0 130 56 1 8
 111 5 1 0 25 12 1 39
55.96 35.97 2.56 -1.475
 0 0 0 5 119 0 0 0 92 12 0 2 17 0 0 0 125 36 5 22
 34 8 2 7 49 2 2 39 109 14 1 5 0 0 0 10 125 0 0 0
 95 16 0 5 19 0 0 1 125 37 0 5 51 11 0 7 67 2 0 11
 123 28 2 19 0 0 0 9 125 0 0 0 107 5 0 5 19 0 0 12
 125 5 0 3 62 6 1 51 74 14 0 11 125 8 0 6 0 0 0 8
 121 0 0 0 115 7 0 4 16 0 0 13 125 14 7 19 54 2 0 27
 49 9 3 23 111 4 0 14
56.40 27.92 2.10 -1.580
 0 0 0 1 87 5 0 0 71 22 0 1 5 0 0 0 139 42 0 0
 16 4 0 8 25 6 0 2 124 22 0 3 0 0 0 2 128 11 0 0
 106 8 0 3 11 0 0 1 139 4 0 0 15 7 0 21 30 3 0 1
 139 37 0 7 0 0 0 2 139 12 0 0 113 11 0 3 18 0 0 1
 139 32 6 7 11 1 0 6 32 7 7 44 139 11 0 2 0 0 0 0
 119 15 0 0 38 32 2 1 24 1 0 0 76 122 83 11 1 0 0 0
 3 13 85 100 24 0 0 0
25.09 64.84 3.02 0.130
 7 46 28 1 0 4 12 1 11 19 6 4 11 40 24 4 0 1 32 24
 18 41 7 0 0 5 40 26 8 1 0 0 46 46 10 0 0 0 0 0
 142 37 0 0 9 52 38 35 12 1 0 3 120 142 24 9 0 0 0 4
 37 26 0 0 59 16 10 0 0 0 0 2 142 80 45 9 9 5 1 11
 15 15 56 52 139 82 1 2 0 0 4 6 51 75 11 0 7 48 142 0
 0 0 0 0 18 131 142 1 0 0 0 0 0 39 142 30 6 2 0 0
 0 32 142 6 4 20 11 0
25.09 64.84 3.02 -2.613
 23 59 4 0 0 10 5 4 45 21 0 0 0 81 95 20 0 0 0 0
 6 133 133 4 0 3 2 0 6 133 93 0 61 5 0 0 0 0 0 9
 133 13 1 5 5 7 28 54 22 3 1 76 133 100 52 20 0 0 0 29
 72 109 30 0 39 3 0 0 0 1 14 21 133 102 17 23 10 0 1 11
 16 29 17 133 133 4 0 2 0 0 0 25 45 3 0 0 2 0 0 0
 0 59 81 6 29 38 5 2 2 16 20 11 8 20 8 10 70 31 3 0
 0 0 0 0 21 34 12 0
104.30 44.35 2.29 1.610
 10 0 0 4 105 1 1 11 30 0 0 0 4 18 81 84 20 0 0 0
 20 68 70 20 8 0 0 0 59 10 1 4 57 7 0 6 127 1 0 5
 142 14 0 5 26 16 19 60 12 1 0 36 142 59 17 11 0 0 0 3
 86 8 0 0 59 3 0 0 133 11 0 3 142 19 0 10 60 5 2 24
 27 4 0 37 142 16 1 4 7 1 0 1 77 7 0 1 55 0 0 0
 108 5 0 6 142 2 0 1 55 11 2 41 22 0 0 6 142 26 1 5
 8 0 0 0 66 4 0 0
102.60 117.94 2.14 1.620
 10 0 0 3 140 8 0 0 140 11 0 2 21 0 0 9 78 5 2 34
 140 7 0 2 4 0 0 11 78 2 0 1 15 0 0 10 140 5 0 4
 140 21 3 4 30 2 0 57 64 8 5 59 140 2 0 14 11 1 0 10
 83 2 0 3 8 4 0 5 140 14 0 0 88 124 66 14 23 0 0 7
 23 35 94 110 81 0 0 2 23 2 1 9 57 2 0 3 0 0 0 12
 140 2 0 0 0 10 19 4 20 0 0 1 30 5 27 7 0 0 0 9
 31 1 0 1 38 0 0 5
102.60 117.94 2.14 -1.715
 18 4 0 3 52 4 0 0 0 0 0 7 18 3 17 5 57 10 0 0
 0 4 12 2 140 56 0 0 3 1 0 0 39 10 0 0 36 11 3 9
 58 3 0 0 17 34 110 115 29 7 0 0 66 124 82 14 140 72 0 0
 8 5 0 1 63 21 0 1 16 2 0 2 140 38 0 2 43 14 12 38
 36 9 0 6 140 59 9 6 140 54 0 1 36 3 0 0 56 13 0 0
 4 1 0 1 140 37 0 0 20 8 1 9 43 9 0 0 140 78 1 2
 99 33 0 0 45 15 0 0
103.37 77.87 2.23 1.717
 14 1 0 5 113 2 0 1 133 28 0 1 22 1 0 27 53 7 0 17
 133 19 0 8 5 0 0 2 70 8 1 8 27 1 0 20 131 1 0 5
 133 22 2 11 34 1 0 66 51 6 2 78 133 2 0 14 13 0 0 10
 77 3 0 4 24 4 0 19 109 0 0 4 133 99 15 20 19 5 8 40
 24 23 15 76 133 24 8 8 14 0 0 16 59 1 0 2 29 2 0 9
 78 1 0 8 132 26 17 14 14 14 18 85 9 5 14 48 101 54 16 14
 2 0 0 20 47 1 0 0
103.37 77.87 2.23 -1.616
 65 10 0 0 2 1 0 8 82 78 24 30 34 13 15 38 9 5 9 51
 134 33 7 2 94 20 0 1 8 1 0 0 66 7 0 0 14 2 0 4
 134 35 8 7 22 30 19 42 29 3 2 13 134 134 19 14 129 11 0 0
 24 10 0 3 64 17 0 0 14 1 0 1 134 22 0 2 33 7 1 18
 59 7 0 13 134 51 1 4 106 23 0 1 51 8 0 0 44 20 0 3
 5 0 0 0 134 69 1 4 12 3 0 3 57 23 1 9 134 71 0 0
 63 17 0 4 61 18 0 0
102.10 108.51 2.27 1.622
 12 0 0 7 98 10 1 2 140 6 2 3 14 5 23 75 21 2 5 29
 83 73 50 26 2 0 0 10 52 9 1 1 24 0 0 4 140 14 1 0
 140 9 0 5 33 1 0 12 53 3 1 51 140 10 0 3 2 0 0 12
 75 1 0 1 24 0 0 6 140 5 0 5 140 10 1 7 41 1 0 42
 41 3 2 52 140 3 0 6 6 1 0 6 70 2 0 1 16 6 0 5
 138 7 0 2 104 78 42 20 24 0 0 16 17 12 33 66 106 0 0 3
 9 0 0 1 48 3 0 2
102.10 108.51 2.27 -1.623
 45 9 0 1 11 1 0 1 117 6 0 2 18 13 33 63 29 3 0 9
 123 81 42 20 134 23 0 2 21 6 0 1 66 9 0 0 6 1 0 1
 139 15 0 2 28 4 1 27 57 5 0 15 139 30 1 7 139 26 0 2
 43 3 0 0 69 6 0 0 2 0 0 2 139 27 0 1 18 4 1 30
 63 7 1 6 139 44 1 8 125 25 0 0 61 7 0 0 55 2 0 0
 1 0 0 3 100 68 36 8 6 1 2 21 21 23 47 79 124 16 5 8
 73 8 0 8 39 4 0 1
101.86 100.43 2.12 1.477
 57 16 0 0 46 11 0 4 119 69 46 43 23 14 9 27 4 6 22 86
 83 27 6 2 1 2 1 2 60 4 0 0 40 15 0 2 92 7 0 8
 104 43 28 20 9 22 70 101 8 3 11 36 68 107 81 16 3 1 0 2
 76 9 1 1 61 8 0 0 106 30 0 3 137 51 0 8 38 10 14 43
 24 6 1 38 137 51 13 7 2 1 0 6 82 10 0 0 30 6 0 0
 130 31 0 0 137 60 1 2 27 4 0 1 36 10 1 14 137 30 0 0
 4 1 0 2 65 10 0 0
101.86 100.43 2.12 -1.657
 72 9 0 0 5 1 0 3 133 25 0 0 58 14 2 14 19 3 0 1
 133 50 0 1 133 35 0 0 14 3 0 0 87 10 0 0 2 1 0 8
 133 45 12 10 47 10 1 36 22 5 8 32 133 48 0 4 121 38 1 1
 33 4 0 0 70 14 2 1 4 1 0 3 66 108 93 27 12 4 14 35
 7 10 50 95 118 40 19 11 111 8 0 3 24 7 0 2 55 3 0 0
 2 3 1 4 76 26 8 4 7 10 30 95 11 7 6 22 127 71 37 26
 62 14 0 1 34 9 0 0
101.79 89.18 2.05 1.516
 73 35 0 0 51 5 0 0 111 112 24 25 68 5 1 4 15 5 7 24
 112 17 1 1 10 1 0 3 55 4 0 0 43 13 0 0 71 16 0 7
 112 59 13 10 15 25 28 94 13 4 6 24 112 112 29 19 4 0 0 5
 81 6 0 0 41 12 0 2 97 13 0 1 112 106 57 32 10 5 9 25
 11 17 57 112 91 30 17 6 4 5 3 9 75 3 0 0 24 4 0 3
 94 5 0 4 112 25 10 5 6 9 46 97 11 2 9 23 67 103 82 25
 4 1 0 3 61 13 2 1
98.34 83.41 1.80 -1.471
 54 0 0 0 0 0 0 15 71 6 0 0 3 5 6 44 81 22 8 11
 23 23 69 121 1 0 2 25 121 54 26 5 63 0 0 0 1 0 0 27
 80 38 2 3 16 0 0 15 100 115 54 51 26 14 9 29 1 2 15 108
 121 24 3 0 76 1 0 0 3 0 0 11 99 2 0 4 36 0 0 23
 121 7 2 3 33 55 32 102 3 0 0 8 121 114 11 5 70 5 0 0
 3 0 0 0 110 1 0 4 23 1 0 24 121 2 0 16 63 6 2 49
 5 0 0 42 121 11 0 1
97.51 105.54 1.76 -1.628
 53 13 0 0 1 0 0 0 98 7 0 2 15 2 0 7 147 12 0 5
 47 4 1 22 7 1 0 18 147 12 0 1 75 6 0 0 0 0 0 0
 127 15 0 1 9 2 0 9 147 33 0 0 53 13 2 22 10 1 0 0
 147 53 1 1 70 5 0 0 0 0 0 0 117 10 0 0 5 2 1 21
 147 29 4 4 39 7 1 51 11 2 2 13 147 35 0 4 53 1 0 0
 0 0 0 2 71 26 4 2 3 0 0 7 89 112 81 23 9 1 1 13
 2 6 40 93 105 9 2 1
80.19 105.83 2.05 1.832
 0 0 0 24 35 0 0 0 43 2 0 5 4 0 0 40 103 2 0 0
 1 0 6 125 27 0 0 41 93 3 2 46 0 0 0 21 40 0 0 0
 125 28 0 2 2 0 0 18 125 94 1 8 12 0 4 68 8 9 1 94
 125 0 1 9 1 0 0 13 30 0 0 2 117 3 0 0 0 0 0 81
 125 22 1 12 34 4 0 125 12 3 1 71 125 4 0 18 7 0 0 2
 14 2 1 9 125 0 0 0 0 0 0 117 92 2 4 41 49 3 0 72
 20 6 1 58 125 4 0 14
200.04 130.55 1.51 1.813
 57 5 0 0 2 0 0 2 146 11 0 4 14 2 0 11 49 3 0 21
 142 12 0 3 93 1 0 1 11 0 0 3 90 8 1 1 2 0 0 2
 146 9 0 3 20 15 6 57 53 3 0 14 146 55 6 16 111 4 0 0
 13 1 0 3 93 5 0 0 3 6 9 5 146 56 4 15 23 2 1 9
 49 20 5 62 146 9 0 2 93 22 1 3 13 0 0 0 26 0 0 0
 0 43 88 12 146 48 10 13 11 4 23 16 33 18 12 65 97 1 1 2
 85 9 0 3 5 0 0 5
198.76 119.41 1.49 -1.423
 0 0 0 0 32 7 1 0 53 12 0 0 109 10 0 1 122 39 5 13
 80 10 0 9 0 0 0 7 136 20 0 0 0 0 0 0 39 11 1 0
 55 9 0 0 136 15 0 2 136 42 1 2 84 17 1 16 1 1 0 1
 136 50 0 1 0 0 0 0 35 10 0 0 51 3 0 0 136 19 0 7
 136 18 0 4 71 18 5 51 3 1 0 5 136 30 2 3 0 0 0 0
 19 11 1 0 33 7 0 0 121 21 0 0 136 55 4 12 55 2 0 1
 2 4 2 16 136 6 0 0
178.68 3.13 1.65 -1.484
 0 34 132 1 0 0 0 0 9 45 139 0 0 1 13 10 1 32 117 0
 0 6 57 7 0 21 83 0 0 8 45 5 11 28 131 60 24 0 0 0
 157 109 69 16 6 1 43 95 60 6 9 7 12 62 157 71 11 9 11 2
 2 13 157 57 23 9 7 29 63 0 0 0 157 52 5 14 18 0 2 13
 97 18 5 44 34 15 17 11 42 37 4 11 7 3 15 15 0 0 0 0
 0 0 0 0 3 0 0 0 0 0 0 0 1 0 0 1 0 0 0 0
 2 1 0 0 0 0 0 0
101.08 95.09 1.63 -0.187
 0 0 8 5 0 0 52 12 1 0 25 16 1 1 47 14 5 1 24 9
 0 1 54 28 0 0 18 11 0 8 76 11 9 0 12 6 2 22 118 72
 25 1 16 14 30 118 65 13 118 27 10 2 3 16 69 118 12 8 20 12
 1 33 118 39 50 66 84 26 10 17 50 59 11 4 69 88 114 116 25 4
 106 118 76 25 22 20 3 10 10 42 118 78 1 4 9 3 1 35 109 23
 1 0 0 0 0 0 96 68 6 0 6 1 0 15 45 29 3 1 19 2
 0 4 58 16 0 0 26 9
101.08 95.09 1.63 -2.762
 1 7 6 0 1 110 116 0 0 2 1 0 33 116 88 0 0 13 7 0
 7 30 45 7 0 21 24 0 0 12 21 0 5 116 74 18 9 21 28 1
 17 19 36 116 116 69 20 4 97 7 1 14 25 35 98 80 4 1 0 0
 15 116 116 12 1 86 66 15 1 9 16 0 34 20 56 113 17 16 18 2
 116 116 43 9 2 6 18 27 11 47 86 60 56 55 26 8 0 36 32 0
 0 3 5 0 2 32 31 0 0 14 23 1 6 52 37 0 0 10 24 1
 0 23 67 24 1 12 12 0
99.78 46.07 1.68 -1.643
 68 13 0 0 16 2 0 0 128 34 0 0 46 7 0 1 138 67 2 18
 73 4 0 0 1 1 0 21 138 11 0 0 78 22 0 0 12 1 0 0
 113 36 0 2 65 9 0 4 138 63 1 7 61 21 0 13 5 0 0 9
 138 60 0 1 75 16 0 0 4 1 0 0 113 11 0 0 43 18 1 25
 138 26 14 12 43 8 0 56 5 1 6 12 138 58 0 1 51 14 0 0
 0 0 0 0 78 28 1 2 23 5 0 2 88 91 39 14 6 1 2 2
 0 4 25 61 95 14 2 0
99.15 54.20 1.69 -1.465
 52 0 0 0 1 0 0 4 59 0 0 3 54 1 0 11 146 5 0 3
 15 1 0 56 32 4 1 54 146 1 0 6 78 1 0 0 3 0 0 5
 96 4 0 6 68 0 0 10 146 24 0 5 27 2 0 44 22 3 0 33
 146 3 0 6 83 1 0 1 4 0 0 3 98 5 0 11 64 0 0 8
 146 19 2 20 27 1 0 17 15 4 1 86 146 2 0 0 63 0 0 0
 4 0 0 2 73 4 0 4 46 3 0 21 146 7 0 5 40 6 0 53
 5 0 0 19 146 11 0 2
98.54 74.79 1.78 -1.603
 61 0 0 0 3 0 0 6 61 20 2 1 52 7 0 6 106 35 24 18
 11 42 35 51 2 0 3 21 61 108 17 3 73 10 1 0 4 0 0 0
 101 10 0 0 85 5 0 3 145 32 0 5 39 23 8 28 18 3 0 19
 145 69 4 4 66 19 2 1 1 0 0 0 96 18 0 3 70 4 0 11
 145 45 0 6 44 11 0 47 18 4 0 19 145 60 0 2 43 14 1 0
 0 0 0 0 59 26 1 5 49 0 0 0 145 97 0 2 17 6 0 1
 30 14 0 17 145 70 0 0
97.52 112.86 1.73 -1.655
 56 11 0 0 5 0 0 0 47 6 0 0 61 8 2 18 98 9 0 1
 10 25 83 114 4 0 0 4 76 105 54 8 62 21 1 0 3 0 0 0
 97 17 0 1 73 4 0 3 148 45 1 6 42 5 3 24 18 4 0 26
 148 17 2 2 67 9 0 0 1 0 0 0 101 13 0 0 53 10 0 9
 148 43 0 0 37 13 1 42 21 4 0 2 148 66 0 3 44 6 0 0
 0 0 0 1 70 13 0 0 37 5 0 4 148 46 0 1 19 5 0 31
 29 6 0 2 148 39 0 5
97.45 105.73 1.74 -1.607
 58 7 0 0 4 0 0 0 94 5 0 0 49 4 0 12 142 11 0 6
 52 5 0 34 6 1 0 22 142 12 0 1 75 4 0 0 4 0 0 1
 118 21 0 2 50 4 0 10 142 54 0 2 57 15 0 27 8 2 0 3
 142 47 0 1 69 3 0 0 2 0 0 1 116 9 0 0 37 9 1 27
 142 31 10 9 42 11 1 82 8 1 5 24 142 35 0 5 52 1 0 0
 0 0 0 2 62 29 6 3 31 4 0 5 62 102 121 26 10 1 7 20
 1 3 49 88 76 14 7 4
89.45 142.22 1.82 0.416
 0 2 9 2 4 6 4 1 22 7 4 19 15 3 0 3 176 115 2 5
 1 0 0 76 176 76 0 0 0 0 0 36 0 6 3 1 9 108 59 0
 43 7 3 44 65 68 6 4 176 106 3 12 6 3 1 13 66 47 0 0
 0 0 0 0 7 46 79 21 12 66 19 0 24 12 65 19 45 168 24 11
 141 25 1 0 3 23 24 23 4 1 0 0 0 0 0 0 12 10 30 58
 53 1 0 0 42 65 68 37 23 4 3 1 18 17 1 0 0 1 6 2
 0 0 0 0 0 0 0 0
84.12 141.89 1.55 0.537
 0 7 30 19 3 0 0 0 22 0 1 12 8 1 0 18 168 0 0 0
 0 0 0 168 168 0 0 0 0 0 0 161 0 0 0 9 9 4 1 0
 102 14 6 23 6 0 0 11 168 80 0 0 0 0 0 94 105 36 0 0
 0 0 0 27 0 0 0 16 37 63 4 0 149 8 4 30 20 8 1 27
 168 49 0 0 0 0 0 24 11 12 0 0 0 0 0 0 0 6 33 8
 28 65 2 0 66 5 2 1 13 40 19 26 57 5 0 0 0 0 0 6
 0 0 0 0 0 0 0 0
78.34 100.76 1.63 2.044
 0 1 2 16 7 0 0 0 5 1 1 0 0 0 10 35 81 0 0 0
 0 0 13 128 37 2 1 7 8 14 13 83 15 1 1 5 2 0 0 4
 128 9 0 0 0 0 40 128 64 4 1 3 6 5 109 128 16 1 2 96
 70 9 6 34 22 1 0 1 0 0 0 12 128 56 0 0 0 0 2 55
 99 52 5 37 37 6 14 19 1 0 2 128 128 1 0 1 28 0 0 0
 0 0 0 68 95 4 0 1 2 0 7 128 43 12 2 98 62 0 5 27
 2 0 0 128 90 0 0 17
73.91 65.77 1.65 0.078
 0 6 14 15 0 9 80 3 5 27 48 0 0 26 29 8 16 34 80 1
 0 3 43 75 0 17 83 6 1 49 68 12 4 12 17 7 7 43 120 18
 33 1 5 7 88 120 48 15 120 11 2 0 8 13 40 120 15 3 6 3
 13 120 84 26 3 52 120 27 5 2 1 1 26 25 63 94 101 13 0 0
 120 120 85 10 12 1 0 6 10 59 120 9 9 11 4 4 0 15 65 3
 0 0 0 0 0 11 44 29 1 0 0 0 3 49 59 3 0 0 0 0
 0 37 102 0 0 0 0 0
65.56 70.84 1.75 1.525
 7 10 52 69 27 4 20 3 34 2 1 30 36 13 13 10 124 6 0 0
 1 0 25 87 16 0 0 22 65 24 56 31 17 3 10 9 11 34 124 49
 43 2 0 8 76 123 66 9 124 30 0 3 14 8 2 56 20 5 0 40
 124 14 1 10 58 11 11 56 36 15 15 15 38 9 3 124 124 22 2 2
 124 65 2 7 13 2 0 15 22 19 3 7 124 37 0 2 32 13 4 19
 72 26 3 6 32 7 1 38 124 19 0 0 124 45 4 1 2 0 1 11
 21 19 14 25 58 20 2 5
59.00 58.76 1.68 0.074
 0 0 0 0 0 1 46 21 0 0 0 0 4 36 36 14 3 0 0 0
 1 13 52 37 0 1 0 0 0 20 69 3 2 0 0 2 9 29 116 48
 22 0 0 4 116 89 57 30 116 12 2 0 19 30 66 116 11 7 2 0
 0 95 116 15 7 14 116 68 16 14 21 8 24 10 39 115 116 9 3 0
 116 116 62 8 18 2 0 4 12 103 116 5 0 15 22 3 0 5 116 25
 0 1 39 3 1 5 47 46 4 2 56 3 5 45 54 4 0 13 26 1
 7 44 96 1 0 1 12 30
55.97 107.37 1.58 -1.845
 8 7 2 1 2 3 2 3 65 67 34 2 0 0 0 20 66 18 31 21
 5 8 42 131 5 3 1 12 97 81 45 21 0 2 7 14 15 1 0 0
 124 57 5 1 0 0 0 10 131 94 6 9 7 7 10 63 8 3 3 23
 131 63 14 14 3 1 2 6 29 4 0 0 131 26 1 0 0 0 0 29
 131 79 7 19 6 4 4 77 17 8 7 88 131 66 12 11 1 0 0 0
 31 13 0 0 37 53 0 0 0 0 0 1 131 131 1 2 1 2 2 2
 43 33 2 8 41 94 14 2
55.42 98.32 1.60 -1.536
 2 0 0 7 24 1 0 1 70 7 0 0 0 0 0 53 136 15 7 8
 1 2 5 136 13 3 10 79 106 19 11 23 1 1 0 3 23 0 0 0
 123 49 0 0 0 0 0 11 136 75 7 13 9 18 3 27 11 2 9 74
 136 82 2 2 0 0 0 2 16 1 1 1 129 6 0 0 0 0 0 35
 136 18 2 2 6 6 1 62 14 4 3 26 136 48 1 2 1 0 0 0
 7 1 2 6 125 4 0 0 0 0 0 19 136 12 0 1 15 8 2 31
 6 0 0 42 136 21 2 4
55.35 45.93 1.57 -1.419
 0 0 0 4 20 0 0 0 78 33 0 0 0 0 1 15 147 51 0 0
 0 3 51 75 20 1 0 0 72 93 77 22 0 0 0 3 20 1 0 0
 120 10 0 0 1 0 0 5 147 69 12 1 0 0 1 40 31 34 45 74
 124 23 4 12 0 0 0 9 12 0 0 0 133 6 0 1 0 0 0 5
 147 37 10 2 4 19 8 42 10 12 39 87 102 68 6 4 0 0 1 5
 5 0 0 0 90 13 0 1 0 0 0 1 147 76 0 0 3 6 1 9
 22 19 0 2 147 56 1 2
50.82 3.68 1.60 2.875
 1 1 0 0 4 4 0 0 116 7 0 0 4 5 5 65 115 7 0 0
 0 0 5 78 0 0 0 0 0 0 0 0 0 0 0 0 5 3 1 1
 146 38 0 0 2 0 5 21 146 64 0 0 0 0 0 16 6 0 0 0
 0 0 0 0 0 0 0 0 2 1 69 69 71 3 0 0 0 0 113 146
 146 12 0 0 0 0 13 115 31 0 0 0 0 0 0 1 0 0 0 0
 0 0 142 124 5 0 0 0 0 2 114 117 139 6 0 0 0 0 21 71
 40 4 0 0 0 0 0 2
23.34 130.40 1.67 0.187
 1 14 5 0 0 0 2 0 87 17 7 2 0 0 1 19 206 21 0 0
 0 0 0 41 62 10 5 0 0 0 0 1 0 1 0 0 0 10 17 1
 159 15 0 0 0 4 3 10 206 19 0 0 0 0 0 21 59 13 7 0
 0 0 0 1 0 0 0 0 0 64 31 1 145 1 0 0 0 20 9 24
 206 13 0 0 0 0 0 16 52 14 3 0 0 0 0 0 0 24 18 1
 1 42 7 0 86 7 1 0 0 41 19 21 206 12 0 0 0 0 1 19
 39 10 4 0 0 0 0 0
12.35 128.54 1.54 0.687
 37 123 0 0 0 0 0 0 50 149 0 0 0 0 0 0 12 124 0 0
 0 0 0 0 5 8 0 0 0 0 0 0 14 34 1 0 0 0 0 0
 46 149 17 1 0 0 0 5 149 149 1 0 0 0 0 10 33 18 0 0
 0 0 0 0 14 5 0 0 0 1 1 6 80 15 4 1 0 0 4 149
 149 25 0 0 0 0 0 149 36 9 0 0 0 0 0 8 29 0 0 0
 0 2 1 40 110 0 0 0 0 0 0 149 64 2 0 0 0 0 0 124
 5 7 0 0 0 0 0 2
200.74 109.69 1.24 -1.112
 0 0 0 1 11 5 3 0 4 0 0 54 127 2 0 1 127 5 1 24
 51 0 0 88 74 6 4 83 99 6 9 46 0 0 0 4 34 4 3 1
 25 0 0 47 127 29 1 3 127 38 9 17 35 10 4 51 35 18 17 127
 127 7 2 10 0 0 1 1 17 8 0 0 8 0 0 0 72 127 27 2
 83 70 41 18 12 101 48 10 6 19 51 127 100 42 7 1 0 0 1 3
 1 1 0 0 3 1 0 1 2 26 13 2 0 0 1 3 8 101 32 0
 0 0 2 9 10 127 45 0
199.41 115.44 1.23 -1.367
 0 0 0 0 30 5 0 0 24 5 0 1 138 5 0 2 138 57 4 3
 23 4 3 27 9 12 5 12 138 35 3 5 0 0 0 0 37 6 0 0
 43 0 0 2 138 4 0 7 138 11 0 4 29 8 11 84 13 3 1 25
 138 30 11 15 0 0 0 0 36 10 2 0 51 4 0 1 138 7 0 1
 138 48 7 12 32 2 0 5 13 8 6 43 138 6 0 0 0 0 0 0
 26 8 2 0 19 6 0 0 119 49 4 0 114 73 16 9 14 15 10 6
 6 12 18 56 127 17 2 1
199.02 5.30 1.39 -2.967
 103 2 1 11 10 0 0 24 166 25 3 12 5 0 0 11 119 21 29 8
 0 3 2 7 2 2 21 9 0 0 0 1 118 1 0 18 36 0 0 44
 166 16 1 17 25 0 4 82 115 10 6 1 1 54 54 60 3 0 1 0
 0 19 26 4 87 1 0 30 70 1 0 44 166 59 6 16 29 0 0 20
 95 85 100 3 1 17 13 9 0 14 36 0 0 11 12 0 64 0 0 34
 92 0 0 21 166 4 1 9 16 2 2 54 47 13 27 5 10 27 4 15
 0 6 14 0 1 3 0 0
196.63 129.59 1.05 -1.308
 0 0 0 2 31 10 2 0 25 0 0 0 121 11 0 4 134 8 0 0
 10 3 2 40 25 1 0 0 134 29 3 10 0 0 0 0 43 13 5 0
 45 1 0 0 134 15 0 8 134 14 0 1 11 8 8 86 28 4 1 10
 134 55 12 23 0 0 0 4 52 1 0 0 45 4 0 6 134 1 0 0
 134 87 11 8 11 0 0 7 22 28 19 80 134 5 0 2 0 0 0 4
 49 1 0 0 35 0 0 10 119 0 0 6 134 12 2 2 10 3 3 48
 10 4 3 24 134 16 3 9
195.81 132.89 1.24 -1.451
 0 0 0 12 53 5 0 0 27 4 16 26 99 18 2 22 63 16 19 1
 11 31 37 84 0 8 51 13 56 52 11 2 0 0 0 4 49 14 0 0
 65 9 0 0 127 45 1 9 135 35 0 0 31 31 9 39 7 1 2 3
 135 100 4 3 0 0 0 0 21 19 9 1 52 5 0 0 131 53 1 5
 135 44 1 2 28 24 10 55 17 6 1 7 135 96 8 11 0 0 0 0
 14 4 2 1 19 6 0 0 127 24 0 0 135 99 10 8 27 5 0 4
 15 22 13 35 135 22 1 2
194.51 138.93 1.42 1.717
 127 76 5 8 11 1 0 1 46 27 7 44 127 24 0 0 118 41 2 3
 35 3 0 0 16 10 4 0 0 0 0 3 127 88 12 4 4 8 49 16
 43 51 35 104 127 20 7 3 127 36 2 18 37 3 3 15 42 4 0 0
 0 0 0 7 6 9 5 1 0 65 127 8 5 8 15 33 14 94 127 12
 70 2 0 4 3 11 83 92 18 0 0 0 0 2 8 20 0 0 0 0
 0 47 127 6 0 0 0 0 0 110 106 0 0 0 0 0 0 28 66 11
 0 0 0 0 0 6 31 4
194.51 138.93 1.42 -1.826
 0 0 17 10 0 0 0 0 0 16 114 20 0 0 0 0 0 10 123 57
 0 0 0 0 0 0 123 104 0 0 0 0 0 0 21 32 18 0 0 0
 6 4 89 109 63 12 0 1 56 15 123 41 6 19 24 41 3 0 82 55
 28 91 22 8 0 0 1 4 25 10 0 0 12 2 2 12 104 114 0 2
 123 102 3 3 19 62 15 34 40 38 0 1 55 123 20 11 0 0 0 0
 12 10 0 0 0 0 0 0 29 64 5 0 67 66 0 0 33 99 2 1
 106 112 6 3 29 67 12 12
108.38 63.37 1.18 1.389
 3 0 0 0 48 14 0 0 138 43 0 0 0 0 0 0 138 92 2 2
 3 1 0 0 10 9 2 20 138 23 0 0 1 0 0 0 74 37 0 1
 128 21 0 0 1 2 0 8 138 57 0 0 1 1 1 16 37 4 0 1
 119 67 4 10 0 0 0 0 90 54 0 0 100 15 0 0 6 7 1 18
 138 91 0 0 0 0 0 43 45 33 2 1 67 65 3 15 0 0 0 0
 82 45 0 0 19 28 0 0 18 12 0 0 100 138 0 0 0 0 0 0
 67 118 1 1 13 16 0 0
104.06 36.56 1.20 -0.082
 1 1 87 17 0 0 7 3 13 6 85 8 0 0 12 58 1 2 36 8
 0 1 116 68 0 0 23 7 0 30 123 10 30 3 19 2 0 0 0 7
 123 11 4 0 2 0 10 123 47 19 8 15 25 5 97 123 53 37 17 3
 1 32 123 35 34 8 0 0 0 0 0 2 123 123 10 0 2 0 0 12
 45 105 92 19 28 18 7 10 33 34 123 60 1 3 4 6 3 1 0 0
 0 0 3 5 16 84 21 0 0 0 0 2 1 71 123 18 0 0 0 0
 0 0 123 65 0 0 0 0
103.41 84.13 1.14 2.639
 0 0 2 12 1 1 4 1 12 0 0 1 0 0 5 32 28 0 0 0
 0 0 14 122 6 0 1 3 0 0 74 122 0 0 0 0 0 5 65 62
 54 1 0 0 0 48 79 39 122 30 13 5 0 3 2 110 24 10 70 93
 0 0 3 48 8 1 0 1 0 12 122 122 12 2 1 9 55 122 97 30
 58 64 84 37 37 35 3 4 2 8 112 122 0 0 1 2 27 79 55 31
 1 1 14 36 0 0 59 122 76 29 7 4 0 0 20 72 74 7 6 9
 0 0 14 15 0 0 16 41
103.41 84.13 1.14 0.465
 0 1 3 1 2 116 106 0 0 2 1 1 14 116 80 0 0 13 11 0
 6 52 42 18 0 21 15 0 0 19 47 10 0 37 116 24 5 28 11 0
 7 2 59 116 54 68 14 1 82 4 6 24 22 29 52 116 15 3 1 0
 3 108 116 56 0 41 116 15 0 0 0 0 35 25 99 85 0 0 0 0
 116 116 36 6 0 0 1 26 23 98 72 19 17 28 17 11 0 4 11 0
 0 4 5 0 7 23 9 1 0 0 1 0 9 96 49 0 0 0 0 0
 0 108 87 10 2 0 0 0
103.14 42.93 1.38 -1.801
 51 39 0 0 36 15 0 0 125 114 1 4 15 12 1 0 13 6 0 4
 125 120 2 0 1 1 0 0 63 41 0 0 35 18 0 0 50 35 0 4
 125 63 2 2 8 8 1 34 56 9 8 15 125 89 1 9 0 0 0 0
 119 101 0 0 44 19 0 0 37 23 0 3 125 73 12 11 12 9 1 14
 33 29 48 59 47 29 13 10 2 2 3 18 125 82 1 3 42 23 0 0
 19 11 0 0 46 106 19 2 26 11 0 0 10 68 107 45 7 4 14 6
 0 0 25 105 54 1 1 2
97.31 88.86 1.30 -1.569
 83 1 0 0 7 0 0 1 20 7 3 2 85 10 3 6 4 38 58 1
 8 2 56 65 2 7 56 14 7 21 76 50 104 0 0 0 6 1 0 5
 67 0 0 0 80 15 2 21 120 3 0 0 7 6 79 120 19 1 0 7
 120 58 110 53 102 1 0 0 6 0 0 4 76 14 0 1 84 4 0 1
 120 120 53 8 8 1 0 9 23 27 87 109 120 8 1 3 75 0 0 0
 3 0 0 8 27 8 0 1 80 8 0 3 76 68 29 3 11 3 12 40
 12 8 46 40 8 66 53 21
81.08 33.45 1.21 1.693
 1 0 0 0 0 2 1 1 133 3 0 0 0 0 0 53 143 6 0 0
 0 3 43 143 17 4 2 8 22 39 54 33 2 0 0 1 0 1 1 1
 143 29 0 0 0 0 0 15 143 128 4 0 0 0 3 35 21 31 19 36
 63 30 19 10 4 0 0 0 0 1 2 4 143 9 0 0 0 0 0 52
 143 59 27 2 0 0 1 95 27 65 39 14 22 29 12 19 4 0 0 0
 0 1 3 2 143 9 0 0 0 0 0 28 143 34 21 2 0 0 28 69
 13 42 28 10 14 10 43 51
79.35 24.34 1.16 2.149
 0 0 0 0 0 0 0 2 28 0 0 0 0 0 6 46 23 0 0 0
 0 36 115 65 0 0 0 0 0 93 65 1 1 0 0 0 0 0 6 19
 97 13 0 0 0 0 33 57 126 39 0 0 0 27 68 75 19 5 2 2
 7 126 94 7 39 0 0 0 0 0 12 126 26 1 0 0 0 11 126 126
 126 17 4 1 1 15 82 85 26 9 16 49 24 30 2 4 126 0 0 0
 0 0 0 119 67 5 1 1 3 25 37 95 6 3 10 40 47 49 19 7
 2 2 55 126 18 0 0 0
77.63 21.28 1.32 0.091
 15 2 0 0 0 0 0 6 94 3 2 0 0 0 33 134 12 1 3 0
 0 64 134 66 0 1 6 1 1 110 120 2 46 0 0 0 0 3 2 6
 134 12 4 7 0 1 3 81 56 13 48 66 9 27 25 33 27 15 21 12
 6 46 61 31 39 7 1 0 0 1 0 1 134 114 60 40 0 0 0 5
 29 87 134 134 1 0 0 0 58 134 90 8 0 0 0 6 5 6 0 0
 0 0 0 0 7 40 44 9 0 0 0 0 1 27 44 33 0 0 0 0
 1 68 84 2 0 0 0 0
74.77 30.31 1.15 -1.519
 119 31 0 3 19 0 0 15 128 71 8 6 4 21 11 37 1 4 12 20
 24 50 48 5 0 0 1 30 128 26 11 1 77 65 0 1 32 6 0 1
 128 128 8 1 0 1 2 29 28 13 9 12 35 46 26 22 0 0 0 21
 128 90 2 0 91 2 0 6 41 1 0 16 128 47 5 0 0 0 0 42
 28 44 56 22 17 9 4 9 0 0 12 66 128 33 0 0 75 0 0 2
 21 4 0 67 101 6 1 0 3 5 5 117 3 10 33 49 51 32 4 6
 0 0 24 128 49 17 0 0
72.98 61.46 1.19 -2.592
 0 1 1 111 117 24 11 0 15 0 0 33 68 5 13 79 4 0 0 0
 10 67 85 66 0 0 0 0 4 73 36 0 13 2 14 117 61 0 0 3
 117 11 0 18 12 2 3 117 39 4 0 0 58 67 50 74 0 0 0 2
 55 81 89 18 13 12 21 48 2 2 0 0 117 117 14 1 0 1 0 8
 26 117 76 3 11 17 24 11 1 18 29 18 86 21 32 18 0 2 1 0
 7 48 25 0 1 66 18 0 2 8 1 0 0 117 109 0 0 0 0 0
 2 114 87 3 3 2 4 5
72.94 57.47 1.26 -1.434
 14 0 0 17 25 1 0 10 52 3 3 0 0 0 44 135 3 1 10 16
 5 31 135 57 0 0 6 19 40 86 52 0 66 1 0 4 9 8 0 10
 135 13 1 3 5 5 5 89 27 3 16 67 55 67 24 24 0 0 4 76
 127 47 3 0 79 2 0 3 37 5 0 5 135 30 14 9 5 10 3 27
 18 10 84 99 38 73 10 3 0 0 19 99 95 36 1 0 66 5 0 2
 41 2 0 5 135 33 0 2 2 13 5 29 16 6 5 27 44 111 25 4
 0 0 1 16 105 63 3 0
72.91 39.80 1.14 -1.672
 45 17 0 3 19 4 0 1 127 127 1 0 0 0 0 8 42 62 45 20
 10 14 12 4 0 0 11 43 127 26 4 0 42 4 0 0 39 26 0 20
 127 44 1 0 0 1 12 127 31 29 44 23 6 33 67 49 0 0 16 33
 95 48 25 7 48 18 0 0 91 55 0 6 127 127 6 2 1 0 4 44
 42 39 28 75 20 36 34 20 0 0 23 48 61 34 30 10 20 7 0 10
 127 16 0 0 127 103 1 0 3 0 0 11 64 74 18 7 7 32 28 17
 1 0 1 11 54 37 34 7
63.15 112.57 1.30 1.666
 7 0 0 21 114 19 1 6 115 5 1 0 4 2 2 77 73 31 48 28
 10 4 20 43 0 0 12 115 77 6 5 1 24 2 0 16 115 38 0 9
 115 34 10 2 5 2 7 108 19 10 58 48 27 12 43 48 0 0 11 63
 115 18 4 0 13 10 0 52 109 2 0 4 67 115 65 7 3 0 19 27
 4 20 115 87 3 7 59 13 0 0 28 78 39 28 18 0 25 1 0 34
 33 0 0 20 60 4 3 0 0 0 49 112 8 3 13 20 7 25 115 55
 0 0 4 35 57 78 36 0
63.15 112.57 1.30 -2.926
 1 22 11 0 3 47 33 0 0 61 69 0 2 8 17 10 0 38 115 21
 0 10 20 2 0 44 115 16 0 4 2 0 5 0 0 0 94 102 35 5
 66 5 1 0 28 25 76 115 7 2 7 2 9 115 115 25 0 1 12 3
 1 95 95 1 21 19 13 58 115 20 3 2 115 70 6 9 40 5 5 20
 50 28 21 11 56 50 21 13 33 14 3 2 23 78 96 32 3 19 47 70
 15 0 0 0 35 95 56 13 4 0 0 0 13 84 115 13 6 0 0 0
 24 115 37 6 16 6 1 4
61.01 115.68 1.32 0.223
 0 0 0 0 4 75 116 5 1 0 0 0 10 72 66 9 4 0 0 0
 1 18 51 54 0 0 0 0 5 53 40 5 42 17 6 8 39 44 54 16
 28 2 0 3 116 113 26 13 116 10 1 1 29 35 41 116 6 2 0 1
 44 116 56 15 20 116 102 18 12 2 0 0 35 23 63 113 116 14 0 0
 116 99 27 10 20 3 0 4 9 46 23 7 10 42 21 3 0 28 42 4
 0 20 71 11 5 15 42 33 1 32 41 0 19 98 54 2 1 10 7 0
 2 116 71 0 0 0 0 1
61.01 115.68 1.32 -2.833
 0 0 0 2 7 118 47 1 1 8 4 0 28 112 44 2 0 43 35 0
 7 15 40 24 0 35 83 8 0 22 28 2 18 57 17 4 16 38 16 6
 26 2 0 12 118 70 18 14 115 5 0 1 31 27 80 118 5 0 2 1
 18 118 93 12 56 118 55 29 11 1 0 1 45 27 39 118 118 3 0 1
 118 91 25 9 20 3 1 7 35 28 31 11 49 24 14 16 3 43 40 7
 0 0 0 0 4 19 38 41 1 0 0 0 16 96 82 4 0 0 0 0
 14 111 92 5 1 0 0 1
61.23 105.03 1.24 0.814
 3 69 40 4 1 13 8 9 7 10 38 12 8 116 37 4 2 1 0 0
 50 116 78 3 0 0 0 0 51 39 5 0 18 116 83 5 0 0 0 1
 116 47 63 13 5 6 6 69 19 4 3 16 116 92 15 27 0 0 0 0
 87 113 7 0 39 63 6 0 2 14 1 0 116 116 22 10 1 0 0 13
 25 45 27 65 39 24 10 23 5 0 0 12 54 116 31 13 3 9 0 0
 6 108 14 0 49 116 1 0 0 10 6 1 79 102 14 11 3 0 0 16
 9 4 9 83 74 6 1 10
59.94 19.75 1.14 -0.203
 3 0 0 0 0 0 0 6 1 0 0 0 0 0 32 32 0 0 0 0
 0 0 76 41 0 0 0 0 0 12 85 24 40 4 0 0 0 0 0 17
 123 3 0 0 0 4 97 135 10 0 0 0 0 42 135 96 0 0 0 0
 0 31 135 69 68 11 0 0 0 0 0 2 135 100 4 0 0 2 8 34
 51 64 48 6 2 27 58 25 7 25 24 20 7 17 64 26 25 10 0 0
 0 0 0 0 135 127 16 3 0 0 0 0 22 85 132 60 0 0 0 0
 1 50 135 66 2 0 0 0
59.94 19.75 1.14 -1.657
 56 11 0 0 0 0 0 11 136 44 0 0 0 0 0 54 95 29 5 10
 9 10 5 30 1 1 3 46 136 67 5 2 66 21 0 0 0 0 0 2
 136 66 4 0 0 0 0 64 85 27 32 45 30 2 2 47 0 1 12 103
 136 33 0 0 34 25 1 0 0 0 0 0 121 136 97 0 0 0 0 13
 14 52 136 59 8 0 0 6 0 0 136 108 35 10 0 0 0 7 3 0
 0 0 0 0 0 25 46 2 0 0 0 0 0 6 108 6 0 0 0 0
 0 0 57 14 0 0 0 0
59.41 110.83 1.24 -1.675
 39 46 8 0 0 0 0 6 25 77 124 24 0 0 7 26 0 1 91 93
 5 11 58 38 5 0 7 38 19 50 28 2 26 14 7 0 0 0 0 5
 117 19 13 1 0 0 30 124 11 3 12 25 14 23 120 124 4 0 1 28
 124 92 34 6 38 14 2 0 0 0 0 2 124 74 7 1 0 0 2 39
 36 25 36 51 24 12 39 35 0 1 4 51 124 13 5 0 36 3 0 0
 0 0 0 33 124 11 2 1 0 0 1 124 43 6 25 54 42 21 41 63
 0 0 3 55 124 19 5 0
59.41 110.83 1.24 -2.438
 32 18 17 86 59 10 4 7 33 0 0 71 83 6 24 75 13 3 0 0
 16 98 118 60 0 30 24 1 21 90 8 0 23 34 94 102 9 0 0 3
 121 31 6 34 9 0 2 105 57 9 5 29 73 53 18 51 0 0 0 4
 50 121 17 8 11 25 21 7 0 0 0 0 78 121 42 2 0 0 0 7
 63 121 55 24 16 1 3 31 36 15 2 19 58 93 37 49 0 2 3 8
 3 0 0 0 8 57 15 1 0 0 0 0 121 121 10 0 0 0 0 1
 55 61 27 30 39 7 7 4
57.61 32.52 1.12 -1.634
 1 2 0 3 1 0 0 0 105 63 0 0 0 0 0 3 146 145 14 0
 0 0 0 58 32 48 13 12 47 15 1 42 0 1 1 8 1 0 0 0
 158 23 1 2 0 0 0 5 158 19 0 1 1 1 1 83 41 1 1 55
 57 27 3 44 1 0 1 9 2 0 0 0 158 18 0 1 0 0 0 5
 158 70 0 0 0 3 1 38 50 15 0 3 26 78 23 12 1 1 2 4
 0 0 0 0 90 17 0 0 0 0 0 16 158 108 0 0 0 0 0 43
 70 56 4 9 23 12 8 13
56.47 62.99 1.23 -0.105
 0 0 0 0 1 5 3 2 0 0 0 0 0 3 36 17 0 1 1 0
 0 7 54 9 0 0 0 0 0 8 36 8 22 0 0 0 17 54 15 16
 107 3 0 0 0 16 98 125 8 0 0 0 1 107 125 53 0 0 0 0
 0 72 125 36 40 5 0 0 123 71 4 4 125 82 6 2 6 7 8 30
 43 49 36 18 8 54 54 20 7 18 8 7 4 48 82 26 10 5 4 25
 125 17 0 0 111 112 23 8 12 1 0 0 17 92 117 59 0 0 0 0
 4 74 125 44 4 3 1 1
56.47 62.99 1.23 -1.858
 64 20 0 0 0 0 0 13 124 70 0 0 0 0 0 47 48 25 9 39
 36 21 6 20 0 0 1 52 124 57 1 0 64 30 0 0 1 0 0 1
 124 84 9 2 0 0 1 60 44 18 43 73 42 33 6 32 0 0 20 91
 95 84 0 0 37 20 0 1 1 0 0 0 108 124 109 9 0 0 0 9
 9 25 124 124 4 1 6 9 0 0 71 124 10 1 32 14 3 3 0 0
 0 0 1 3 13 18 25 1 0 0 1 27 15 5 31 8 0 0 57 117
 1 2 3 2 0 9 123 74
56.66 41.09 1.19 -1.333
 0 0 0 4 2 0 0 0 75 2 0 0 0 0 0 12 151 28 3 0
 1 4 3 58 30 80 74 18 8 12 2 6 0 0 2 2 0 0 0 0
 140 3 0 0 0 0 0 13 151 32 1 0 1 21 12 70 23 14 28 15
 46 149 21 10 0 0 1 3 0 0 0 0 144 11 1 0 0 0 0 9
 151 95 0 0 0 1 0 16 44 50 1 5 100 46 2 2 1 0 2 5
 0 0 0 0 108 6 1 0 0 0 0 44 151 59 0 0 0 0 14 135
 32 46 3 28 61 6 9 35
14.74 132.29 1.06 0.131
 7 135 156 6 0 0 0 0 81 171 33 0 0 0 0 0 31 50 1 0
 0 0 0 0 0 3 5 1 0 0 0 0 50 29 15 8 7 6 4 9
 171 100 2 0 0 0 0 9 151 29 1 0 0 0 0 0 1 4 6 1
 0 0 0 0 56 4 0 0 0 2 4 19 171 4 0 0 0 0 0 26
 168 13 0 0 0 0 0 1 1 4 6 1 0 0 0 0 61 17 0 0
 0 0 0 4 171 21 0 0 0 0 0 14 119 12 2 0 0 0 0 1
 0 3 7 0 0 0 0 0
203.61 39.72 1.14 1.468
 0 0 0 0 2 3 2 0 31 1 0 0 0 0 2 33 41 0 0 0
 0 0 113 166 0 0 0 0 0 0 170 75 0 1 2 0 2 3 0 0
 153 4 0 0 0 2 0 19 170 9 0 0 0 0 24 108 46 2 0 0
 0 0 74 56 0 1 2 0 0 2 1 0 157 13 1 0 0 1 0 0
 170 28 0 0 0 0 0 2 80 3 0 0 0 0 0 9 2 2 0 0
 0 1 0 0 101 10 0 0 0 1 0 0 170 34 0 0 0 0 0 0
 66 15 3 0 0 0 0 1
202.74 117.97 1.01 1.727
 110 11 0 0 0 0 0 2 123 26 8 2 6 8 27 36 5 3 5 9
 123 48 21 4 88 6 0 1 40 5 0 0 123 5 0 0 0 0 0 9
 123 33 13 8 11 7 4 51 8 5 11 41 123 34 4 8 107 7 0 4
 63 4 0 0 123 16 0 0 0 0 0 4 123 57 41 20 3 13 19 23
 4 3 33 88 119 55 16 1 105 7 0 8 43 7 0 0 69 28 0 0
 0 0 0 4 123 87 2 2 3 11 15 25 7 12 3 16 123 66 13 4
 72 6 0 1 49 10 0 0
202.74 117.97 1.01 -1.493
 58 21 0 0 56 12 0 0 101 83 24 5 9 16 4 12 1 8 18 19
 123 102 3 2 0 0 0 1 62 31 0 0 49 9 0 0 94 18 0 5
 123 48 16 3 3 3 32 91 4 8 13 20 123 72 44 25 0 0 0 1
 123 23 0 0 50 7 0 0 105 21 0 1 123 58 5 6 7 5 5 21
 19 11 8 38 123 42 6 7 0 0 0 2 123 18 0 0 22 5 0 0
 91 18 0 0 123 64 16 2 8 2 4 5 14 14 34 34 93 34 18 4
 0 0 0 4 119 32 0 0
106.50 41.39 0.96 1.780
 18 2 0 0 0 0 0 11 100 0 0 1 0 0 7 137 19 9 27 17
 2 4 76 111 2 19 18 2 22 99 61 3 63 7 0 0 0 0 0 3
 137 16 0 2 3 2 1 29 55 14 25 34 35 42 57 24 29 35 17 13
 55 18 39 28 66 2 0 0 0 0 0 7 137 14 0 0 0 0 1 41
 130 6 2 13 5 20 81 54 2 0 1 99 112 23 57 15 72 1 0 0
 0 0 0 15 137 10 0 0 0 0 0 93 67 9 3 50 48 0 2 44
 0 0 2 137 101 0 0 0
105.81 142.33 1.01 -2.767
 1 0 0 0 0 0 0 0 59 92 13 0 0 0 0 16 39 142 84 0
 0 2 4 22 0 142 142 0 0 0 0 0 19 0 0 0 0 1 0 1
 142 10 0 0 0 1 4 115 70 12 7 1 27 51 39 100 1 42 42 1
 15 34 9 1 17 1 0 0 52 26 0 1 142 90 3 0 26 14 1 23
 90 69 21 17 39 23 5 15 0 0 0 1 17 54 11 1 6 0 0 10
 142 12 0 6 142 31 0 3 46 5 1 45 123 42 6 1 0 2 4 36
 7 0 0 0 18 42 15 16
102.12 57.76 0.99 -1.549
 14 0 0 0 64 1 0 1 135 6 0 0 2 0 0 13 130 16 3 6
 12 0 0 5 0 1 1 27 135 0 0 0 23 0 0 0 82 5 0 8
 135 8 0 0 2 0 0 96 94 8 0 1 18 12 13 64 0 0 0 6
 135 17 1 0 27 8 0 0 88 2 0 1 135 92 0 0 2 0 0 19
 101 62 2 2 24 8 3 13 1 0 0 6 135 23 0 0 13 2 0 0
 73 3 0 3 135 25 0 0 3 0 0 16 135 24 1 12 13 0 0 2
 1 1 0 44 135 4 0 0
100.45 109.84 1.08 -1.739
 31 12 0 0 41 8 0 0 127 69 0 0 0 0 0 1 50 16 2 8
 94 8 1 2 0 0 0 3 127 9 0 0 27 4 0 0 60 20 0 6
 127 30 0 0 1 1 0 64 80 8 0 7 95 38 2 25 0 0 0 2
 127 72 0 0 27 10 0 0 68 19 0 3 127 127 0 0 4 1 0 24
 77 76 2 3 27 39 1 8 0 0 0 5 127 110 0 0 12 7 0 0
 60 14 0 0 127 57 0 0 10 3 0 9 127 52 0 4 14 4 0 9
 3 1 0 7 127 38 0 1
80.97 38.93 1.03 1.591
 2 0 0 0 0 0 0 2 107 12 0 0 0 0 0 30 138 63 12 4
 0 0 1 118 20 40 60 17 0 1 16 48 2 0 0 0 0 0 3 4
 138 31 0 0 0 0 0 13 138 113 28 17 2 2 14 64 18 46 76 40
 5 7 82 61 0 0 0 0 0 4 2 1 135 12 0 0 0 0 0 17
 138 70 16 8 0 0 12 91 20 43 84 32 2 3 74 52 0 0 0 0
 0 2 0 1 81 13 0 0 0 0 0 8 138 65 6 3 0 0 7 76
 29 17 23 11 4 17 110 61
80.64 44.08 1.17 1.524
 3 0 0 0 0 1 2 2 136 41 0 0 0 0 0 14 136 50 32 22
 2 2 46 76 13 44 58 25 8 13 56 73 1 0 0 0 0 3 2 1
 136 49 0 0 0 0 0 11 136 101 29 20 2 2 35 80 11 33 59 30
 22 47 122 39 0 0 0 0 0 0 0 1 136 17 0 0 0 0 0 15
 136 66 30 2 0 0 7 79 29 42 58 11 34 32 31 19 0 0 0 0
 1 1 0 0 77 34 0 0 0 0 0 1 136 136 19 1 0 0 0 13
 44 47 19 11 18 8 5 33
78.96 90.26 1.02 1.526
 4 0 0 3 1 0 0 0 133 9 0 0 0 0 0 26 139 26 8 32
 14 1 0 88 19 41 87 73 28 9 5 21 4 0 0 0 1 0 0 0
 139 41 0 0 0 0 0 5 139 109 4 12 18 11 13 40 24 15 17 22
 30 39 136 48 1 0 0 0 0 2 5 1 139 9 0 0 0 0 1 23
 139 29 2 10 7 4 4 96 34 23 56 43 21 20 50 29 0 0 3 1
 0 1 1 0 73 24 0 0 0 0 6 25 139 139 0 0 2 4 9 33
 53 29 2 4 22 24 57 18
79.12 77.52 1.02 1.478
 5 0 0 0 0 0 1 4 95 20 0 0 0 0 0 34 153 58 5 3
 0 0 0 121 59 19 72 32 14 9 4 14 4 0 0 0 0 0 3 5
 153 15 0 0 0 0 0 17 153 38 4 3 1 2 9 65 29 6 37 19
 14 58 93 26 1 0 3 3 0 0 2 2 153 28 3 1 0 0 0 7
 153 66 26 2 0 0 0 36 41 43 82 8 9 10 11 9 0 0 7 12
 0 0 0 0 74 55 5 3 0 0 0 0 153 153 15 1 0 0 0 15
 63 35 19 6 7 2 0 34
79.15 27.69 1.04 0.838
 48 50 122 6 0 0 1 64 14 68 122 12 12 3 3 16 7 23 29 18
 55 21 9 13 0 0 0 3 78 122 21 1 30 35 107 8 0 0 0 4
 122 70 54 1 0 0 4 92 35 18 11 3 2 5 55 83 4 0 0 5
 35 122 53 33 36 21 1 0 0 0 0 1 122 122 7 0 0 0 0 19
 40 122 56 5 0 1 5 22 16 13 39 50 22 10 5 18 3 6 0 0
 0 0 0 0 5 118 16 0 0 0 0 0 13 122 104 1 0 0 0 0
 66 82 44 15 4 0 0 3
78.67 84.00 0.99 1.442
 10 6 4 3 0 0 0 0 130 66 1 0 0 0 0 5 129 74 56 6
 0 0 0 6 28 26 32 16 37 6 0 0 4 6 8 11 0 0 0 0
 130 130 2 0 0 0 0 5 130 130 20 2 0 0 0 60 49 16 26 17
 37 19 1 41 6 1 1 4 1 0 0 1 130 18 0 0 0 0 0 30
 130 31 12 43 19 1 0 91 20 47 113 87 33 12 5 21 5 1 0 0
 1 0 0 0 114 48 0 0 0 0 0 1 130 109 5 12 21 8 8 14
 18 12 11 18 29 27 93 42
78.25 40.36 1.02 1.493
 78 11 0 0 0 0 0 11 132 68 17 11 0 0 1 55 22 45 90 51
 2 2 18 37 11 53 48 33 43 30 21 26 60 20 0 0 0 0 0 2
 132 89 10 5 0 0 7 49 43 26 47 34 3 4 104 102 16 43 49 25
 23 38 46 88 46 8 0 0 0 0 0 3 132 114 8 2 0 0 0 22
 59 52 63 50 5 4 63 54 5 44 76 45 27 39 67 14 17 3 0 0
 0 0 0 1 132 32 0 0 0 0 0 35 132 26 24 1 0 2 39 84
 3 9 21 6 42 67 47 10
78.72 35.73 0.98 1.375
 113 121 0 0 0 0 0 0 75 121 32 0 0 0 2 12 5 12 50 40
 30 8 14 21 0 0 1 16 103 104 50 6 93 54 0 0 0 0 0 5
 121 111 17 5 0 0 0 57 31 35 77 39 1 1 9 55 9 43 53 28
 50 52 44 17 75 27 0 0 0 0 0 3 121 121 20 13 1 0 1 18
 29 33 63 67 9 4 55 63 26 37 41 13 13 23 35 100 21 11 0 0
 0 0 0 0 121 69 1 0 0 0 0 13 73 33 33 34 1 0 30 50
 7 32 80 29 4 4 23 30
78.05 96.60 0.93 1.778
 3 0 0 0 0 2 1 1 126 2 0 0 0 0 0 62 126 3 5 10
 7 5 2 126 11 24 47 19 10 15 29 16 6 1 1 0 0 0 13 31
 126 25 0 0 0 0 44 63 126 56 0 3 7 19 17 39 19 7 6 21
 28 44 70 18 92 0 0 0 0 0 29 126 38 2 0 0 0 1 126 126
 95 18 21 11 8 4 52 124 17 19 26 22 87 19 5 5 126 67 0 0
 0 0 1 30 81 83 7 0 4 11 48 49 2 12 26 20 45 66 32 11
 16 24 21 23 40 16 18 18
78.05 96.60 0.93 0.636
 35 129 17 3 8 3 1 7 16 41 18 17 27 24 27 40 20 17 10 3
 8 53 27 56 0 2 6 15 8 85 107 0 14 129 40 0 0 0 0 0
 17 129 129 0 0 1 5 6 68 129 70 12 8 5 4 11 19 14 17 51
 32 22 31 17 4 29 14 0 0 0 0 1 129 71 44 0 0 0 0 27
 129 60 10 0 1 2 4 75 26 8 19 27 11 15 57 35 1 2 0 2
 1 0 0 0 65 84 5 0 0 0 0 3 70 129 101 2 0 0 0 8
 5 29 129 65 0 0 0 1
77.22 93.55 1.10 1.645
 20 1 0 0 0 0 0 2 127 37 1 2 1 0 0 36 54 21 14 32
 31 33 70 34 23 25 11 28 51 28 50 21 36 1 0 0 0 1 1 9
 127 18 0 2 2 1 0 103 66 22 49 36 20 24 52 51 14 29 24 28
 108 42 30 10 28 4 0 0 0 0 14 40 127 86 0 0 1 1 31 72
 101 36 4 8 30 35 59 28 8 3 2 113 127 26 22 10 100 8 0 0
 0 0 24 97 51 8 0 2 5 8 105 127 38 21 46 21 27 24 15 36
 4 10 11 17 127 63 1 4
76.23 62.08 1.08 3.027
 1 0 0 0 0 6 4 5 4 0 0 0 0 5 40 38 0 0 0 0
 0 18 69 34 1 0 0 0 1 36 65 27 26 1 0 0 33 69 8 9
 122 8 0 0 3 28 49 106 47 0 0 0 20 116 77 83 41 0 0 0
 41 101 44 65 22 5 0 0 122 80 1 0 122 115 1 0 9 13 1 7
 66 55 28 3 21 91 29 36 31 1 39 36 34 48 15 43 2 2 1 14
 122 29 0 0 35 119 19 2 16 1 0 0 8 102 122 16 0 2 2 1
 0 1 122 81 1 0 0 1
76.63 57.36 0.97 0.464
 22 12 22 71 5 5 21 9 45 25 50 74 8 38 33 11 32 7 8 7
 1 69 114 21 0 2 4 2 7 114 109 0 19 31 85 114 9 0 0 1
 114 33 32 69 5 0 0 44 89 21 57 114 5 3 6 18 59 36 23 28
 54 40 9 3 17 39 68 23 0 0 0 0 92 114 87 21 0 0 0 4
 74 73 108 89 2 0 0 3 91 40 34 94 42 0 0 5 2 9 1 0
 0 0 0 0 3 39 35 0 0 0 0 0 12 91 49 1 0 0 0 0
 6 41 78 65 4 0 0 0
76.10 37.24 0.88 2.940
 0 0 0 0 0 10 116 44 15 8 0 0 1 8 115 116 9 6 0 0
 0 45 116 47 30 0 0 0 0 9 47 116 26 32 1 0 20 41 65 28
 38 52 9 4 62 60 24 20 79 57 1 0 3 38 23 27 48 25 9 2
 7 26 9 13 94 30 1 1 22 27 8 34 35 7 3 9 45 116 33 35
 94 30 26 17 21 23 16 74 3 14 50 92 80 18 3 3 47 90 62 14
 5 3 1 13 9 24 81 116 30 20 3 4 8 41 116 83 8 1 0 1
 0 3 69 116 36 0 0 0
76.10 37.24 0.88 0.387
 9 0 0 1 14 76 65 49 13 2 6 16 14 70 100 86 5 1 2 9
 15 111 111 26 1 0 0 0 14 102 111 18 31 15 8 34 28 7 2 7
 26 18 44 111 44 5 2 10 106 56 27 47 12 9 21 30 20 11 11 72
 60 54 26 16 22 111 59 24 8 0 0 0 22 31 30 49 102 14 3 14
 111 34 8 22 31 5 2 45 32 7 12 77 52 6 1 21 1 111 70 1
 0 0 0 0 4 75 111 18 5 0 0 1 22 111 83 10 11 0 0 3
 23 38 57 17 23 5 0 9
75.61 44.50 1.01 0.029
 4 1 0 2 13 98 114 43 0 0 0 0 9 100 119 42 0 0 0 0
 0 16 119 67 0 0 0 0 0 60 119 14 31 37 9 56 59 30 13 14
 88 8 3 26 37 31 53 84 13 2 10 17 24 14 101 59 3 7 25 21
 5 45 69 13 44 40 32 24 45 21 1 2 97 74 56 23 25 15 2 9
 14 43 80 45 53 2 0 2 2 21 54 57 25 1 0 0 1 37 119 25
 3 0 0 0 0 37 119 45 2 0 0 0 0 50 119 18 2 0 0 0
 0 2 119 65 3 0 0 0
74.26 87.41 0.96 2.768
 0 0 0 0 0 0 49 58 2 0 0 0 0 0 119 119 2 1 0 0
 0 8 119 66 26 4 0 0 0 4 41 105 1 3 2 1 4 10 119 73
 12 19 58 27 29 18 56 89 48 94 47 6 1 17 84 15 15 10 14 10
 1 19 55 25 32 45 17 12 24 26 28 12 15 12 16 28 94 105 23 16
 97 47 37 37 6 14 21 74 17 9 75 119 4 1 1 3 19 9 62 34
 8 13 13 18 7 3 69 119 21 11 3 4 4 10 119 77 1 2 3 9
 0 0 49 119 1 0 0 0
73.27 34.98 1.04 -0.940
 2 0 8 117 28 0 0 7 90 0 0 12 5 0 6 97 99 13 9 1
 5 18 73 117 13 27 14 4 28 63 36 14 53 3 1 32 16 0 0 37
 117 15 0 0 1 5 42 117 59 31 60 18 45 46 33 57 2 53 82 18
 20 37 18 2 77 8 0 6 3 0 0 79 117 78 9 1 2 5 19 112
 12 30 40 14 50 74 27 8 2 18 28 46 37 50 48 4 61 3 0 0
 0 0 9 117 41 24 9 0 0 11 32 113 1 6 25 23 50 51 15 3
 0 0 34 117 60 6 1 0
73.06 52.54 1.08 -1.349
 21 0 0 5 16 2 0 4 131 12 3 1 0 0 0 32 73 19 71 26
 19 46 9 8 0 0 59 45 44 76 17 0 53 2 0 4 21 0 0 9
 131 17 2 2 4 13 5 80 33 10 79 41 43 131 34 17 0 0 99 65
 30 82 24 0 57 3 0 3 17 0 0 23 131 54 2 0 1 5 3 87
 34 24 27 39 27 80 25 13 0 0 6 46 123 89 18 0 87 3 0 1
 2 0 0 40 131 5 0 1 6 3 3 120 8 0 4 13 52 38 19 13
 0 0 1 21 123 43 10 0
73.18 24.64 1.06 -1.957
 49 57 5 0 5 5 0 0 117 122 23 4 0 0 0 4 7 22 62 31
 6 8 5 4 0 2 16 107 80 18 1 0 38 13 0 0 27 25 0 3
 122 55 2 0 0 0 2 48 48 8 14 17 11 51 24 30 3 0 3 33
 38 122 69 4 25 8 0 3 72 86 2 1 122 122 4 1 3 1 0 8
 54 63 65 26 3 6 13 14 10 4 100 103 7 31 32 9 1 3 0 18
 96 63 11 0 23 106 27 1 12 18 1 0 4 69 122 44 0 0 0 0
 0 0 108 98 0 0 0 0
73.14 21.11 1.06 -0.336
 11 63 60 33 3 0 0 0 1 6 60 65 6 0 14 29 0 2 41 27
 0 5 96 36 0 0 5 7 0 13 89 19 22 8 16 1 0 0 0 6
 121 6 4 3 0 0 32 124 19 6 2 2 4 13 124 124 6 3 0 4
 8 58 124 29 30 12 0 0 0 0 0 1 124 113 0 0 0 0 1 27
 97 44 3 21 23 23 27 21 14 24 25 87 24 11 8 3 4 4 0 0
 0 1 3 0 124 121 0 0 0 0 0 0 93 124 24 73 46 3 2 2
 2 38 35 121 64 1 0 0
72.54 81.40 1.01 -1.821
 128 63 0 0 0 0 0 6 71 90 0 3 9 47 53 19 22 7 1 26
 43 18 68 68 2 0 0 28 128 40 2 4 62 75 0 0 2 0 0 2
 128 128 0 0 1 1 4 29 40 14 0 23 60 34 16 14 0 0 0 8
 73 124 30 5 74 16 0 0 11 5 0 2 128 88 0 0 0 0 0 26
 59 40 10 2 16 25 48 18 0 0 6 9 118 45 44 8 21 12 0 0
 19 12 0 2 108 128 2 0 0 0 1 33 32 124 67 4 0 0 19 35
 5 6 35 21 64 15 11 11
71.94 100.93 0.95 -1.789
 95 51 0 0 3 0 0 0 136 136 6 1 3 10 4 6 9 23 14 14
 15 48 52 7 0 0 0 2 30 114 65 5 62 30 0 3 6 0 0 1
 136 112 4 1 0 0 0 44 65 35 39 30 7 1 10 57 12 50 32 10
 4 24 57 21 62 10 0 0 11 7 0 1 136 114 0 1 2 1 0 16
 68 68 17 30 24 30 43 23 23 36 23 40 31 10 30 32 12 8 0 0
 19 21 0 0 112 136 0 0 0 0 0 6 125 136 4 2 0 2 12 16
 12 11 21 15 48 37 9 4
71.90 31.94 0.99 -1.335
 3 0 0 89 95 1 0 1 109 11 0 6 10 0 0 66 116 37 9 5
 4 18 15 112 3 9 44 33 17 58 28 7 5 2 0 19 116 25 0 0
 116 99 0 1 6 0 0 22 116 116 28 4 4 11 8 52 3 11 32 24
 11 52 36 7 2 0 0 54 116 3 0 0 116 19 0 1 5 0 0 56
 116 46 8 0 0 0 10 116 7 7 22 9 9 35 43 24 4 0 0 21
 45 3 0 15 116 1 0 0 0 0 2 113 112 51 15 0 0 2 6 42
 5 31 39 11 8 2 0 1
71.46 124.66 1.00 -1.652
 1 0 0 0 31 34 7 0 120 8 0 0 2 0 1 64 103 11 0 3
 9 17 46 127 0 0 1 33 37 59 52 13 2 0 0 1 127 47 0 0
 127 53 0 0 7 0 0 11 127 127 4 1 2 13 5 26 7 18 13 2
 56 78 16 0 2 0 0 50 127 19 0 0 127 13 0 1 8 0 0 45
 127 36 9 7 7 13 9 88 15 24 32 16 31 23 22 15 3 0 0 31
 77 12 0 5 123 22 0 0 2 0 0 61 127 76 3 0 0 6 8 34
 14 8 11 11 48 13 21 7
71.46 92.71 1.02 -1.680
 36 20 0 0 12 10 0 2 134 134 0 0 0 1 1 25 84 57 17 5
 20 12 26 17 1 1 16 52 106 70 4 2 41 2 0 2 38 11 1 16
 134 23 0 2 3 2 1 123 85 25 67 42 30 25 23 41 19 25 32 16
 100 54 10 19 38 12 0 4 25 5 0 2 134 134 1 0 1 2 1 14
 57 75 79 30 13 29 47 16 11 12 56 53 88 16 21 20 21 2 0 1
 33 6 0 1 134 32 0 0 1 4 1 43 56 26 45 36 36 59 28 31
 49 19 33 17 30 24 24 52
71.46 86.41 1.03 -1.462
 10 1 0 11 38 5 0 2 133 36 0 0 0 0 0 32 114 55 43 8
 10 27 22 17 8 13 44 34 31 14 37 20 29 0 0 10 41 1 0 9
 133 12 0 0 3 7 3 129 63 34 73 38 56 63 25 53 42 39 66 27
 45 20 17 50 36 6 0 6 27 0 0 3 133 91 0 0 1 4 2 35
 102 38 2 14 21 84 89 32 11 0 2 96 66 18 60 58 36 1 0 3
 19 1 0 17 133 14 0 0 0 0 0 133 66 10 1 20 40 11 6 60
 0 0 2 53 83 45 11 0
70.54 96.14 0.96 -1.563
 8 0 0 4 50 12 0 1 130 19 0 0 0 0 0 42 130 26 9 20
 12 13 8 55 19 48 28 18 6 12 27 21 5 0 0 2 77 31 0 1
 130 87 0 0 0 1 0 18 130 130 0 0 3 10 14 30 27 11 5 22
 52 22 42 15 5 0 0 17 99 11 0 5 130 6 0 0 1 1 0 130
 130 19 25 16 12 6 2 130 26 33 77 19 40 18 3 8 9 1 0 13
 30 4 0 1 130 46 0 0 0 0 0 25 125 56 15 8 14 26 19 20
 12 11 34 18 18 18 45 27
70.37 83.17 0.95 -1.576
 15 0 0 4 37 3 0 1 135 19 0 0 0 0 0 52 89 17 11 14
 33 75 29 41 33 16 23 14 18 33 53 66 11 3 0 5 48 3 0 0
 135 109 0 0 0 0 0 13 135 122 0 3 3 27 34 27 8 4 1 65
 33 21 65 29 12 1 0 4 57 10 0 1 135 11 0 0 0 0 0 98
 135 15 0 2 16 6 2 135 5 1 0 22 64 34 23 7 15 0 0 8
 47 5 0 1 135 51 0 0 0 0 0 19 135 85 5 0 3 5 10 23
 3 10 14 9 25 28 50 3
70.10 76.36 1.00 -1.333
 0 0 0 86 101 7 2 0 46 0 0 9 18 0 0 27 129 0 0 0
 0 0 0 129 35 1 0 10 23 7 5 67 0 0 0 26 129 18 1 2
 93 4 0 1 7 2 12 50 129 67 1 0 0 0 7 61 39 38 14 7
 12 31 25 13 16 0 0 46 87 2 2 52 37 1 0 0 1 0 84 129
 62 46 3 0 0 14 129 99 14 67 33 18 12 12 40 11 103 3 0 16
 15 0 0 58 112 11 4 2 1 5 16 129 31 14 6 3 8 14 50 39
 4 0 0 69 66 20 29 6
70.10 76.36 1.00 -2.361
 55 129 26 0 0 0 0 0 71 129 14 0 0 8 5 4 5 25 45 28
 7 14 18 38 4 3 11 26 35 79 6 6 16 78 3 0 1 14 1 0
 26 129 93 0 0 0 0 0 69 101 129 23 0 0 0 49 29 11 18 16
 9 21 7 92 0 4 0 0 22 95 13 0 79 45 9 0 0 11 8 4
 129 76 6 3 0 0 0 54 47 36 18 12 2 4 5 39 0 0 0 0
 21 110 72 6 23 15 0 0 10 127 24 0 95 129 4 0 2 7 0 0
 21 102 56 31 1 0 4 10
70.24 73.57 0.97 -2.264
 24 119 17 0 0 0 0 0 28 119 99 6 0 0 0 13 19 14 50 28
 2 3 6 65 5 1 1 1 65 70 11 20 29 29 4 0 0 10 4 3
 119 51 10 0 0 0 0 66 69 27 16 8 2 1 6 91 22 20 6 13
 15 58 23 14 19 5 0 0 11 106 15 1 119 119 0 0 2 6 0 4
 68 118 28 14 2 1 8 19 22 10 42 119 3 1 3 11 0 0 0 0
 83 119 6 1 17 93 5 0 19 37 3 0 10 119 119 20 0 1 0 0
 0 4 83 119 0 0 0 0
70.00 69.63 1.09 -0.327
 0 40 119 47 4 0 0 0 0 2 85 87 2 0 16 23 0 1 78 22
 0 5 81 20 0 0 13 23 0 25 44 3 18 1 15 8 0 0 0 13
 96 4 5 2 0 0 48 121 14 2 0 1 7 23 121 93 4 1 0 0
 9 121 115 19 29 6 0 0 0 31 21 5 121 103 0 0 1 3 3 28
 81 40 4 7 14 32 42 26 10 1 13 10 39 63 20 18 3 5 0 0
 43 121 17 0 102 117 0 0 13 15 0 0 69 121 35 57 5 2 5 1
 0 12 104 76 11 5 2 0
70.00 69.63 1.09 -1.120
 1 0 10 123 52 4 0 2 19 0 0 48 20 0 13 119 16 2 1 0
 0 4 123 123 57 34 2 0 0 21 66 24 27 2 4 85 88 2 0 9
 123 35 1 4 2 1 3 123 42 29 8 2 3 18 43 99 16 7 2 33
 28 33 45 20 19 13 3 33 11 0 0 0 90 123 37 0 0 0 0 6
 13 123 123 1 1 5 13 15 2 44 98 50 83 7 3 8 4 1 0 3
 3 0 3 15 2 29 12 0 0 4 58 24 0 78 82 0 0 22 39 0
 0 44 123 20 4 6 2 0
69.73 89.76 0.97 -1.522
 0 0 0 91 128 4 0 0 44 0 0 4 24 2 1 29 129 5 0 1
 3 1 0 129 45 15 43 20 15 10 6 36 0 0 0 45 108 37 0 0
 92 15 0 2 10 0 0 9 129 91 4 1 2 4 1 29 31 31 55 11
 13 36 45 13 0 0 0 38 129 17 0 0 101 2 0 1 10 0 0 33
 129 28 7 7 13 16 4 108 23 33 95 39 31 32 14 20 0 0 0 16
 111 11 0 0 101 21 0 1 5 0 0 7 129 77 0 0 5 21 9 25
 22 10 1 9 15 59 78 28
66.55 26.61 0.93 1.582
 3 0 0 16 126 31 0 1 105 22 0 0 14 2 0 70 95 34 2 1
 0 2 25 126 15 5 5 18 27 18 22 31 6 2 0 101 113 0 0 0
 126 74 0 4 7 0 0 25 126 126 24 6 1 1 6 61 4 10 23 51
 33 25 10 9 8 0 0 27 89 5 0 1 126 15 0 0 0 0 0 54
 126 36 11 0 0 0 2 110 13 12 22 6 30 46 13 18 7 0 0 4
 69 22 0 0 126 42 0 0 0 1 0 9 115 89 30 0 0 0 0 9
 25 34 27 5 11 2 0 1
65.47 30.30 1.00 1.702
 5 0 0 82 60 0 0 1 122 31 0 4 2 0 0 42 122 82 14 4
 1 2 6 72 3 6 17 43 38 28 7 7 17 0 0 16 89 4 0 3
 122 13 0 0 0 0 0 94 122 47 29 0 0 1 4 96 9 16 19 9
 81 48 6 6 16 2 0 5 70 74 0 1 122 84 1 0 2 1 0 19
 97 106 29 0 0 0 6 35 35 25 11 44 64 4 2 6 11 0 0 35
 97 20 0 4 122 7 0 0 3 0 0 106 62 7 10 22 5 1 24 118
 5 2 27 62 67 4 7 9
65.21 19.16 0.93 0.272
 11 0 0 0 0 0 0 10 125 0 0 0 0 0 0 112 125 16 12 3
 14 26 19 103 0 2 4 3 31 101 58 13 44 1 0 0 0 0 0 15
 125 17 7 3 0 0 0 90 106 66 75 36 1 0 0 20 57 48 15 5
 11 20 34 18 40 15 0 0 0 0 0 7 125 123 69 14 0 0 0 7
 31 125 125 75 0 0 0 0 57 125 102 28 4 1 0 2 4 12 0 0
 0 0 0 5 4 37 31 2 0 0 23 23 0 39 51 9 0 9 49 3
 0 72 98 6 0 7 8 0
64.46 83.19 1.05 1.584
 0 0 0 16 118 31 0 0 92 16 0 1 6 0 0 21 118 34 15 5
 0 0 6 102 18 32 37 9 2 5 13 52 1 0 0 54 118 7 0 0
 118 29 0 0 6 0 0 14 118 73 44 28 1 1 23 62 13 41 68 33
 10 5 60 44 1 0 0 10 118 51 0 0 118 13 0 0 4 1 0 18
 118 59 1 0 0 1 32 116 17 14 0 5 68 37 73 43 1 0 0 31
 116 8 0 0 97 11 0 0 5 0 0 17 118 63 3 0 0 0 0 78
 26 16 5 34 62 10 0 18
64.50 77.91 1.08 1.548
 0 1 12 118 111 2 2 0 106 8 0 36 61 0 0 21 118 36 20 1
 0 0 0 61 20 28 30 7 23 13 3 8 0 0 14 118 81 37 0 0
 100 46 1 21 9 0 0 4 118 116 21 1 0 0 2 47 42 41 13 6
 12 6 9 42 0 0 0 25 118 41 0 0 111 14 0 1 17 1 0 19
 118 47 29 19 0 0 4 98 16 47 87 31 1 2 14 48 0 0 0 41
 116 22 0 0 70 16 0 1 7 1 0 5 118 54 14 10 0 0 21 65
 10 11 18 14 19 12 79 58
64.34 35.82 1.01 1.417
 74 45 0 0 2 6 0 0 92 123 30 1 0 0 0 5 31 55 27 7
 12 3 1 17 3 4 2 23 123 27 0 1 34 20 0 1 38 49 2 1
 123 68 3 0 0 0 0 61 62 11 10 51 19 6 10 88 0 0 13 93
 109 36 6 2 26 4 0 7 95 51 0 0 123 106 0 0 2 2 0 11
 84 67 8 31 29 53 34 8 0 0 7 38 34 94 87 0 3 1 0 24
 107 64 0 0 93 105 0 1 9 2 0 0 96 123 16 2 0 4 6 3
 7 12 16 8 23 33 23 7
64.72 23.97 0.97 1.131
 67 51 12 0 0 0 9 74 45 63 29 0 0 0 27 89 28 25 7 29
 37 19 19 39 0 0 0 26 121 83 15 0 66 88 18 0 3 13 0 3
 121 82 25 1 0 0 3 101 31 13 14 27 38 48 20 54 0 0 0 34
 92 87 15 0 49 35 0 0 53 42 0 0 121 121 39 1 0 0 0 11
 83 92 56 26 10 5 10 17 5 1 6 15 30 106 35 8 2 9 0 6
 97 15 0 0 109 97 2 0 1 0 0 0 121 96 19 5 0 0 0 3
 7 27 39 16 3 11 1 1
63.61 38.84 1.04 1.894
 12 0 0 54 76 6 0 10 117 2 0 2 3 0 3 132 38 7 19 17
 2 1 43 110 10 3 24 68 54 1 9 7 53 0 0 37 64 4 0 11
 132 17 0 2 4 5 0 75 44 8 40 45 46 88 10 22 0 0 61 90
 64 56 5 0 68 2 1 16 2 0 0 20 132 51 1 0 0 1 1 60
 38 34 17 16 26 68 16 12 0 0 1 45 132 72 4 0 45 9 0 0
 0 0 4 35 92 116 12 0 0 3 27 43 20 120 18 10 29 23 16 8
 0 5 2 36 132 25 1 0
62.98 74.63 0.96 1.658
 5 0 0 33 123 25 0 2 123 35 0 1 15 1 0 62 122 80 17 4
 1 3 7 81 2 4 20 47 40 39 10 7 28 0 2 120 89 0 0 6
 123 11 2 3 4 0 0 123 105 47 41 2 0 1 4 92 9 19 19 17
 86 45 6 5 40 10 4 40 10 0 0 1 123 96 8 0 0 0 0 19
 75 84 41 2 0 0 4 27 31 24 4 33 69 15 5 8 36 3 0 2
 16 0 0 10 123 21 4 1 0 0 2 111 37 26 38 10 0 0 22 101
 12 32 23 16 19 35 20 29
62.92 47.57 1.03 1.118
 42 123 24 0 0 0 0 0 23 57 123 17 0 1 6 11 5 23 98 17
 36 56 16 12 0 1 2 2 68 123 3 1 33 78 19 0 0 0 0 2
 117 46 70 7 0 0 22 115 20 15 22 3 2 10 123 96 0 1 0 0
 38 123 64 11 42 19 0 0 9 9 0 1 123 123 0 0 0 0 2 34
 59 76 14 5 0 3 24 47 2 1 10 39 79 38 25 22 4 9 0 0
 27 32 0 0 46 123 1 0 0 1 0 0 42 123 50 5 0 0 0 3
 12 19 40 45 8 2 9 9
62.24 79.86 0.92 1.300
 83 111 2 1 2 0 0 0 49 117 43 8 0 0 0 13 43 55 12 4
 9 3 5 39 5 5 3 8 49 95 49 12 76 57 1 0 1 0 0 1
 118 68 11 8 0 0 0 65 46 27 87 74 1 0 1 70 11 40 98 63
 49 10 9 12 61 28 0 0 10 4 0 0 118 118 26 15 0 0 0 9
 32 28 47 81 7 3 45 107 14 14 19 10 63 33 46 76 12 8 0 0
 11 7 0 0 118 76 1 0 0 0 0 10 118 83 4 0 0 2 22 98
 6 13 3 1 42 70 22 21
61.78 67.86 1.03 0.950
 72 35 13 0 0 0 1 87 41 50 60 1 0 0 3 99 19 24 17 30
 58 29 11 21 0 0 0 13 83 91 39 0 41 94 35 0 0 0 0 1
 118 83 54 1 0 0 1 60 59 15 14 26 37 42 21 53 0 0 0 40
 105 72 29 0 27 22 0 0 0 9 23 2 118 118 43 0 0 3 1 7
 87 118 88 27 10 2 5 13 18 7 13 16 18 66 49 14 0 2 0 0
 9 108 98 16 31 66 8 0 15 71 4 0 118 118 13 3 0 0 0 0
 18 39 38 27 2 1 0 0
61.85 62.68 0.94 0.319
 7 0 0 57 117 0 0 4 120 0 0 2 7 0 0 93 120 10 13 6
 21 24 16 87 0 0 4 5 58 107 40 9 31 0 0 62 61 0 0 7
 120 15 6 4 1 0 0 71 101 42 70 51 2 0 0 17 45 31 17 6
 11 24 36 15 27 12 4 19 4 0 0 1 120 119 62 11 0 0 0 4
 43 104 120 78 0 0 0 0 104 120 44 16 6 3 3 5 0 5 3 0
 0 5 7 0 1 32 36 1 0 0 1 0 4 55 52 6 0 0 0 0
 9 118 94 6 0 0 1 0
61.94 55.28 0.94 2.965
 1 0 7 2 0 0 2 4 3 0 1 1 0 0 29 32 0 0 0 0
 0 0 90 65 0 0 0 0 0 0 114 110 14 0 0 0 11 43 9 4
 118 6 0 0 0 0 30 108 43 2 0 0 0 5 118 118 33 3 0 0
 2 12 68 118 11 2 0 0 105 96 2 0 118 67 0 0 6 3 1 11
 118 45 2 3 21 11 14 16 41 67 34 8 14 8 2 5 1 0 0 0
 118 79 0 0 118 67 0 0 21 6 0 0 116 90 8 24 41 0 0 0
 0 28 92 56 48 0 0 0
61.62 84.75 0.97 1.608
 88 13 0 0 1 0 0 14 104 43 35 20 0 0 5 46 10 49 90 28
 1 1 19 29 5 31 35 91 40 9 5 5 96 13 0 0 0 0 0 16
 123 35 9 6 0 1 44 118 10 8 9 10 35 24 123 69 2 3 2 63
 123 13 12 7 108 12 0 0 1 0 0 16 123 81 0 0 0 0 5 73
 36 29 1 17 72 34 14 20 0 0 0 37 123 36 0 0 88 14 0 0
 0 0 0 17 123 72 9 1 0 0 0 71 16 17 17 48 67 1 0 17
 0 0 0 46 123 1 0 0
61.02 128.10 1.00 2.921
 34 1 0 0 0 0 2 15 117 2 0 0 0 0 76 129 7 0 1 6
 12 9 139 139 5 5 4 8 7 68 110 14 76 7 0 0 0 0 0 14
 139 31 14 7 0 0 5 69 42 12 71 68 35 9 13 34 23 20 66 20
 22 18 9 19 49 36 1 0 0 0 0 3 101 139 137 18 0 0 0 9
 6 28 139 117 0 0 0 0 1 38 139 22 0 0 0 1 2 19 3 0
 0 0 0 0 1 26 40 3 0 0 0 0 0 1 46 18 0 0 0 0
 0 5 30 7 1 0 0 0
61.02 128.10 1.00 -1.651
 1 0 0 0 0 0 4 19 1 0 0 0 0 4 49 32 0 0 0 0
 0 20 55 5 0 0 0 0 2 8 18 1 44 1 0 0 0 0 1 25
 130 9 0 0 0 17 104 137 10 3 0 0 5 127 137 24 0 0 0 0
 59 111 109 0 68 13 0 0 0 0 0 5 137 70 1 0 0 1 9 52
 54 46 29 6 30 56 55 11 0 3 3 5 137 117 12 0 63 3 0 0
 0 0 0 28 137 10 2 2 2 5 4 81 27 20 31 28 15 20 20 16
 3 7 3 88 137 19 1 2
59.87 123.19 0.76 -1.802
 91 42 0 0 0 0 0 1 141 124 0 0 0 0 1 11 37 55 36 8
 4 12 10 2 0 7 18 6 63 89 1 0 127 15 0 0 0 0 0 8
 141 21 1 0 1 1 2 62 48 17 37 23 12 26 26 20 13 22 21 44
 55 9 10 11 112 4 0 0 0 0 0 60 141 61 0 0 0 0 5 73
 45 33 13 23 7 23 35 16 0 0 1 77 78 31 13 4 93 8 0 0
 0 0 1 139 75 18 9 2 0 0 38 141 9 5 20 54 16 30 59 36
 0 0 27 96 37 36 10 0
60.04 81.33 0.90 0.334
 8 5 8 3 1 45 65 35 8 4 4 23 37 95 74 49 0 0 1 8
 40 119 31 0 0 0 0 0 0 81 51 0 36 51 39 15 5 1 0 3
 23 27 25 119 72 8 0 3 73 21 17 37 21 61 42 22 6 0 0 0
 0 100 119 11 31 119 60 14 5 0 0 0 25 54 45 43 109 15 1 3
 119 50 14 9 18 7 9 35 26 18 35 12 0 12 52 17 0 87 60 1
 0 0 0 0 1 64 119 20 4 0 0 0 27 119 112 7 1 0 0 0
 5 86 119 13 0 0 0 0
60.04 81.33 0.90 -3.024
 0 0 0 0 0 45 115 31 2 0 0 0 8 85 115 21 9 1 0 0
 0 41 115 40 0 0 0 0 0 64 97 13 0 3 15 11 18 33 65 37
 10 10 5 10 115 88 25 9 103 43 0 1 22 37 29 35 12 1 0 0
 20 94 43 19 0 31 115 35 5 0 1 0 6 37 87 22 78 28 8 12
 87 28 5 3 15 22 16 106 9 6 8 16 21 46 21 23 0 28 115 4
 0 0 0 0 3 115 112 1 0 0 0 1 28 115 70 18 2 0 0 10
 1 20 88 97 9 1 0 1
59.97 38.96 0.91 -0.908
 4 0 0 0 0 0 0 9 98 0 0 0 0 0 0 111 115 8 0 0
 16 23 10 115 3 25 9 8 64 77 4 6 43 0 0 0 0 0 0 36
 115 13 0 0 0 0 0 115 92 35 7 2 6 11 11 71 1 9 14 40
 70 75 1 0 36 0 0 0 0 0 31 115 115 69 0 0 0 9 69 59
 81 90 1 5 19 15 16 20 2 2 3 95 115 14 1 0 37 0 0 0
 0 1 27 115 14 8 14 2 0 24 100 41 35 15 16 57 19 4 38 31
 2 1 1 115 115 0 0 0
58.96 118.62 1.10 0.043
 5 0 0 0 0 4 12 8 3 0 0 0 0 11 39 32 0 0 0 0
 2 43 56 8 0 0 0 0 1 11 2 1 16 0 0 0 49 97 41 10
 122 6 0 0 9 22 54 122 15 1 0 1 67 122 106 43 0 0 0 0
 7 91 104 1 20 6 1 7 122 112 2 0 122 95 5 9 33 14 1 20
 49 37 13 36 57 51 43 13 10 6 4 12 10 70 116 10 5 7 45 97
 82 18 0 0 106 95 23 21 23 2 0 0 22 104 87 29 3 1 0 0
 14 55 42 12 7 4 8 15
59.22 43.04 1.04 -1.313
 20 2 1 0 0 0 0 3 135 17 0 0 0 0 0 40 65 101 44 4
 5 3 0 10 2 37 57 53 35 2 1 0 49 1 0 0 1 0 0 8
 135 15 0 0 2 13 8 93 36 33 39 11 32 135 31 27 0 24 101 81
 30 75 14 0 60 2 0 0 0 0 0 9 135 59 2 0 0 2 1 42
 47 45 24 13 19 77 23 15 0 0 2 39 135 95 12 0 45 9 0 0
 0 0 0 12 135 96 7 0 0 0 7 43 31 103 18 3 16 17 16 19
 2 7 0 15 135 45 2 0
58.50 26.97 0.91 -1.363
 1 0 0 2 1 0 0 0 106 0 0 0 0 0 0 44 139 2 0 0
 0 0 2 139 29 1 3 9 42 22 9 35 5 3 1 0 0 0 0 5
 139 12 0 0 0 0 2 55 139 73 0 0 0 0 2 38 49 21 4 8
 20 36 30 7 40 5 0 0 0 0 0 21 127 18 0 0 0 0 18 139
 139 47 0 0 0 0 31 139 37 40 20 29 15 17 22 24 46 8 0 0
 0 0 0 15 139 52 0 0 0 0 4 106 115 39 2 1 0 0 18 85
 26 12 31 32 14 20 24 27
57.57 94.28 0.98 -1.612
 11 7 0 0 0 0 0 1 135 78 0 0 0 0 0 20 135 83 8 1
 4 19 13 22 2 3 7 4 91 72 20 0 25 1 0 0 0 0 0 10
 135 10 0 0 0 0 0 118 134 18 37 27 18 19 11 75 17 32 42 21
 58 38 10 14 28 2 0 0 0 0 3 15 135 91 0 0 0 0 0 16
 128 84 5 12 11 31 35 16 7 4 3 110 55 30 31 18 11 1 0 0
 0 0 0 5 135 26 0 0 0 0 0 6 135 26 2 4 1 5 14 38
 5 0 1 36 60 94 35 10
57.04 78.96 1.05 -2.008
 59 62 0 0 0 0 0 0 124 124 15 22 3 2 2 1 11 15 31 124
 29 11 22 35 4 0 2 14 67 88 26 32 68 13 1 0 0 0 0 3
 124 47 5 5 3 6 24 66 26 8 12 31 30 29 124 75 2 0 0 47
 109 43 23 32 45 25 1 0 0 0 0 2 124 124 61 0 0 0 1 17
 69 120 76 22 18 17 10 8 7 3 0 11 24 69 40 13 4 8 0 0
 0 0 0 0 37 87 14 0 0 0 0 0 124 124 7 0 0 1 0 1
 22 57 13 4 7 13 24 11
56.68 54.76 1.00 -2.812
 1 0 0 85 120 2 1 1 120 0 0 13 27 0 0 75 118 1 0 6
 8 12 19 106 29 2 0 2 8 17 57 50 12 0 12 120 93 0 0 2
 120 17 3 8 6 0 0 73 120 36 31 100 17 0 0 38 49 118 46 26
 10 1 0 6 13 4 11 28 4 0 0 0 117 108 41 8 0 0 0 4
 21 58 116 120 3 0 0 0 0 120 120 28 0 0 0 0 3 3 0 0
 0 0 0 0 2 21 19 1 0 0 0 0 0 6 32 24 0 0 0 0
 0 11 20 4 0 0 0 0
56.04 91.78 0.88 -1.450
 2 1 1 0 0 0 2 3 62 0 0 0 0 0 0 51 153 1 0 1
 2 1 0 153 54 16 36 18 10 7 2 57 1 0 0 0 0 0 11 14
 153 8 0 0 0 0 2 33 153 65 0 0 3 6 2 52 38 22 12 24
 16 54 47 18 3 0 0 0 0 0 1 10 147 4 0 0 0 0 0 25
 153 35 0 0 0 0 1 70 50 17 8 28 13 40 33 30 3 0 0 0
 0 0 1 4 142 0 0 0 0 0 0 49 153 2 0 0 0 0 0 147
 39 1 1 29 21 23 20 53
55.52 76.04 0.90 -1.395
 11 0 1 0 0 0 0 3 93 6 0 0 0 0 0 121 83 15 1 0
 1 14 39 139 5 2 16 15 15 94 63 25 17 2 0 0 0 0 0 3
 139 93 0 0 0 0 0 26 139 139 18 4 1 5 6 57 8 19 33 60
 25 38 19 7 9 0 0 0 0 0 2 7 139 16 0 0 0 0 0 66
 139 24 0 0 3 3 1 129 16 2 2 11 63 40 12 16 8 2 1 0
 0 0 1 8 139 24 0 0 0 0 4 39 139 61 1 0 0 2 5 31
 15 11 6 17 18 37 26 6
55.04 81.11 0.93 -2.020
 10 9 0 0 0 0 0 2 113 129 0 0 0 0 0 0 105 129 23 32
 4 1 0 0 6 9 30 129 27 6 6 18 2 1 1 0 0 0 0 2
 129 44 0 0 0 0 0 5 129 56 4 12 6 11 33 60 11 1 3 28
 21 26 122 75 1 2 2 6 0 0 0 0 129 34 1 0 0 0 0 10
 129 129 50 2 0 1 10 52 22 49 58 31 27 15 33 15 1 1 1 2
 0 0 0 0 23 45 2 0 0 0 0 0 42 129 55 0 0 0 0 0
 105 122 27 1 0 3 1 1
