205 128
53.05 138.65 25.50 -0.051
 0 0 0 1 0 0 0 0 5 0 0 0 0 0 0 3 0 0 0 0
 1 7 1 1 0 0 0 0 6 11 0 0 32 18 65 27 4 0 0 2
 134 8 2 5 3 1 5 80 28 1 0 12 43 81 15 35 0 0 0 5
 134 134 0 0 86 74 28 1 0 0 0 1 134 112 1 1 4 1 0 13
 63 29 10 42 75 42 5 5 0 0 10 32 134 80 4 0 72 134 21 0
 0 0 0 0 134 134 4 2 0 0 0 0 43 59 38 108 35 6 0 0
 0 0 43 103 71 9 0 0
185.87 198.07 20.12 2.239
 0 0 0 0 0 0 0 0 0 4 2 0 0 6 10 0 1 4 1 0
 0 65 123 5 0 0 0 0 0 110 123 2 3 1 0 0 0 0 0 0
 20 64 53 0 0 2 9 7 123 95 18 0 0 47 98 25 16 4 4 0
 0 123 123 6 72 31 0 0 0 0 0 3 122 77 8 0 0 0 22 72
 123 39 25 11 8 1 7 111 31 63 72 12 6 29 24 6 28 17 0 0
 0 0 0 1 55 123 64 0 0 0 0 10 27 123 123 6 11 2 2 19
 17 67 59 11 8 4 11 17
117.58 248.24 20.50 -2.985
 0 0 0 0 0 0 1 4 21 0 0 0 0 2 19 140 26 8 0 0
 2 17 24 69 56 10 0 0 20 12 4 20 22 11 0 0 0 0 0 3
 146 31 0 0 0 5 28 122 44 7 4 1 1 35 146 105 35 4 0 0
 71 33 61 121 41 6 0 0 0 0 1 22 146 40 2 3 1 1 6 71
 110 51 28 22 8 14 43 40 55 33 2 1 122 15 14 31 23 6 0 0
 0 0 0 9 146 100 0 0 0 1 1 29 66 90 5 1 2 13 18 34
 31 13 15 60 71 1 2 27
46.06 238.65 19.66 -2.803
 4 0 0 0 0 0 0 3 143 16 0 0 0 0 3 90 114 5 8 2
 1 38 104 102 17 5 1 0 10 22 126 84 15 0 0 0 0 0 4 21
 143 9 0 0 0 0 8 143 143 29 27 18 13 22 24 67 87 35 7 10
 49 5 27 47 28 4 0 0 0 0 0 3 143 93 0 0 0 0 0 30
 110 116 4 0 3 18 21 45 39 18 26 78 53 2 8 61 0 0 0 0
 0 0 0 0 16 11 0 0 0 0 0 0 18 42 6 1 0 0 0 0
 2 12 32 93 9 0 0 0
207.34 262.44 11.13 2.642
 0 0 0 0 0 0 0 0 4 0 0 0 0 0 0 13 28 3 3 5
 0 0 0 35 9 41 65 15 0 0 0 1 1 0 0 0 0 9 14 18
 126 4 0 0 0 13 20 136 76 2 3 15 30 51 25 136 5 10 40 34
 18 26 37 20 2 0 0 0 10 50 37 32 136 99 0 0 26 88 21 55
 136 88 0 0 52 88 15 28 9 4 1 1 27 43 58 48 0 0 0 0
 6 22 2 0 67 66 0 0 40 136 15 1 136 136 0 0 17 50 21 8
 30 25 0 0 4 25 103 85
95.49 207.78 9.30 -1.181
 0 0 18 12 0 8 32 31 0 6 44 8 0 78 76 0 5 15 8 0
 0 26 120 14 0 0 0 3 5 62 120 3 0 0 53 80 27 6 1 2
 13 49 120 72 30 9 2 4 119 120 37 5 5 4 10 15 13 3 0 64
 75 13 7 1 0 0 1 9 40 111 34 0 15 6 5 11 40 64 117 69
 120 19 2 5 24 5 38 120 11 0 0 63 120 2 0 7 0 0 3 1
 3 68 50 0 0 0 3 0 0 13 120 44 1 0 2 3 35 7 29 56
 0 0 0 9 120 48 0 1
177.58 75.63 7.73 -2.832
 5 0 0 6 144 7 2 10 9 0 0 5 9 25 22 21 11 2 1 2
 35 98 54 10 0 0 0 0 130 144 7 0 9 2 2 20 144 1 0 5
 17 8 7 54 26 0 0 7 79 17 4 18 84 6 0 4 3 0 0 46
 144 32 0 0 0 1 7 40 142 0 0 0 22 2 8 43 20 2 2 10
 103 2 0 13 112 0 0 26 1 0 0 42 144 1 0 0 0 0 0 18
 99 1 0 0 26 0 0 2 5 2 4 16 58 0 0 22 116 0 0 28
 0 0 0 32 144 12 2 0
128.13 28.73 8.34 0.146
 1 0 0 0 0 5 7 1 20 14 17 16 29 23 17 6 160 14 17 13
 19 5 4 36 36 1 0 21 62 0 0 11 0 5 55 8 1 3 1 0
 42 18 99 118 48 10 2 0 160 18 5 25 40 0 0 24 30 4 0 20
 95 0 0 4 0 13 79 4 0 0 0 0 130 66 129 29 0 0 0 0
 160 20 3 6 39 0 0 7 19 1 2 13 93 1 0 0 5 19 46 1
 0 0 0 0 160 86 28 0 0 0 0 0 160 42 0 2 33 0 0 0
 21 3 2 11 75 2 0 6
71.74 270.71 8.01 3.136
 15 8 15 11 0 1 3 1 134 131 2 2 0 0 0 2 134 134 0 0
 0 0 0 1 21 11 4 38 16 0 0 3 2 2 3 7 0 0 33 39
 134 82 0 1 0 1 25 58 134 134 0 0 0 0 0 21 59 30 2 20
 54 31 0 2 0 0 0 0 3 17 49 28 66 14 1 1 3 14 23 92
 134 22 0 0 0 0 0 134 80 13 0 0 12 20 0 11 0 1 10 15
 10 10 4 0 63 56 8 16 16 12 2 9 134 131 3 0 0 0 0 13
 25 56 15 0 0 1 0 0
212.18 285.91 5.98 2.853
 6 0 0 0 0 0 2 12 1 0 0 0 13 26 10 8 3 0 0 0
 5 16 69 129 0 0 0 0 0 0 96 139 17 0 0 0 6 11 24 123
 30 1 0 6 89 55 22 29 139 5 0 1 11 8 29 139 30 0 0 2
 14 9 38 125 2 0 0 2 22 14 13 49 35 4 0 2 139 63 4 4
 139 45 0 0 21 7 0 8 91 7 0 0 18 16 3 14 0 0 0 2
 9 16 5 0 9 2 0 3 132 66 2 0 139 72 0 0 36 12 0 0
 110 28 0 0 14 8 0 2
113.56 30.29 6.69 0.105
 12 13 0 0 0 8 18 4 27 47 45 24 20 30 20 7 154 5 16 20
 24 15 4 47 41 0 0 20 86 0 0 12 0 1 8 7 12 17 23 0
 39 8 14 60 97 25 7 1 154 10 6 14 36 0 0 31 33 2 0 20
 127 0 0 5 0 19 125 36 6 1 1 0 89 13 65 135 44 1 0 0
 154 8 2 9 43 0 0 11 25 1 0 10 138 1 0 3 0 18 63 14
 0 0 0 0 117 36 35 13 0 0 0 0 154 18 0 0 33 0 0 0
 17 2 1 4 105 1 0 0
93.08 31.61 6.18 0.039
 18 16 0 0 0 10 71 15 26 20 1 2 8 81 107 18 147 10 0 2
 14 15 10 58 37 0 0 18 88 2 0 9 31 46 7 0 1 12 31 11
 43 48 72 51 31 44 21 9 147 7 8 16 40 10 2 44 31 0 0 14
 130 0 0 5 0 1 2 5 25 29 34 0 70 15 17 46 90 22 2 0
 147 14 3 6 44 0 0 11 22 3 0 9 147 0 0 1 0 5 82 51
 21 4 5 0 82 17 22 102 60 1 0 0 147 23 1 2 35 0 0 0
 16 1 0 2 123 4 0 1
72.26 191.92 6.41 2.224
 1 5 112 107 2 0 0 0 7 36 114 22 0 0 0 1 3 114 85 0
 0 0 0 1 12 54 2 0 0 0 2 3 46 31 68 114 75 12 2 7
 114 43 40 5 3 6 3 19 33 104 23 6 31 19 3 5 106 114 1 0
 1 0 0 0 30 2 0 5 67 114 102 47 100 11 8 7 2 16 57 55
 35 11 9 33 29 6 34 35 114 29 1 2 2 0 5 52 0 9 6 0
 4 39 87 7 0 1 3 0 0 53 114 13 2 0 3 1 0 4 114 63
 21 1 6 21 2 0 14 51
65.95 32.48 6.82 -0.065
 1 127 81 1 0 0 0 0 8 110 138 40 0 0 0 0 43 19 17 16
 3 6 18 47 11 1 0 0 9 16 22 23 6 37 4 0 0 4 85 12
 52 116 10 0 0 23 81 12 138 43 1 1 36 11 12 46 29 3 0 5
 101 16 6 8 31 47 3 0 0 3 63 23 59 41 34 28 24 90 118 28
 138 8 3 9 64 21 9 28 30 3 0 4 134 3 0 0 6 15 3 0
 2 13 33 4 38 31 39 38 49 27 10 1 138 38 6 11 45 5 0 1
 21 6 0 1 115 9 0 0
32.80 277.30 7.08 -2.833
 0 0 1 2 6 14 25 1 2 2 7 18 21 30 50 18 38 8 4 12
 3 3 57 145 132 11 0 0 0 0 6 145 4 16 46 14 6 2 1 4
 31 25 28 60 38 15 9 8 145 49 10 6 3 1 16 118 106 3 0 0
 0 0 2 111 57 10 8 3 5 6 7 36 50 6 2 22 71 50 9 16
 145 101 2 2 7 6 1 14 91 99 13 0 0 0 0 2 20 0 0 4
 3 0 0 3 15 5 0 28 22 3 0 1 98 125 7 2 2 0 0 0
 20 145 53 0 0 0 0 0
10.15 18.97 6.93 1.501
 4 0 0 0 0 0 0 5 4 0 0 0 0 4 17 25 0 0 0 0
 0 12 19 2 0 0 0 0 0 0 0 0 64 1 0 0 4 1 2 111
 145 29 4 3 1 46 143 145 14 7 9 12 5 133 145 44 0 0 0 0
 0 0 0 0 71 11 0 0 0 2 15 91 145 145 124 31 1 9 13 56
 18 59 145 135 7 30 23 9 0 0 0 0 0 0 0 0 5 2 4 7
 15 37 42 12 12 51 46 12 4 6 3 3 0 7 56 43 8 6 0 0
 0 0 0 0 0 0 0 0
221.76 68.89 5.55 1.065
 55 17 2 3 0 0 0 3 143 31 0 0 0 0 1 52 45 3 0 3
 0 2 17 143 1 0 2 60 1 0 6 129 65 6 0 0 0 0 0 1
 143 25 1 0 0 0 0 120 96 8 18 60 0 0 0 143 1 0 5 94
 5 5 11 20 26 2 0 0 0 0 0 0 143 143 8 1 0 0 0 10
 92 98 35 33 0 0 0 14 16 3 3 9 0 2 5 29 0 0 0 0
 0 0 0 0 71 65 0 0 0 0 0 0 143 110 3 0 0 0 0 2
 23 10 16 23 0 0 0 8
206.00 37.59 5.29 0.377
 6 3 6 0 0 0 0 0 105 2 1 0 0 0 0 29 129 0 0 0
 0 0 1 44 129 0 0 4 17 0 0 40 23 4 7 3 0 0 0 1
 129 11 0 0 0 0 3 64 129 7 0 0 0 0 16 94 129 0 0 6
 36 0 0 40 18 13 2 4 12 11 1 0 120 129 8 0 0 0 0 6
 129 129 9 0 0 0 1 12 129 21 0 12 37 0 0 7 0 3 1 3
 18 6 0 0 2 95 14 2 1 0 0 0 99 129 6 0 0 0 0 0
 84 129 27 16 13 0 0 0
190.18 44.57 5.00 0.214
 71 15 4 0 0 0 0 0 139 10 0 0 0 0 0 0 139 4 0 0
 12 0 0 0 19 0 0 7 103 0 0 0 110 7 1 0 0 0 0 5
 139 6 0 0 0 0 1 21 139 12 0 0 16 0 0 3 24 1 0 1
 130 6 0 0 135 14 1 0 0 0 0 14 123 17 1 0 0 0 8 62
 139 23 0 0 12 0 1 12 27 3 0 0 103 11 1 3 57 64 5 0
 0 0 0 0 47 135 30 0 0 0 0 2 139 109 4 1 5 0 0 0
 26 16 1 7 62 1 0 0
30.39 112.99 5.64 -0.206
 29 6 0 0 0 0 0 27 51 1 0 0 0 0 1 59 42 0 0 0
 0 0 18 115 17 0 0 0 1 4 41 138 93 30 1 0 0 0 0 13
 141 14 0 0 0 0 10 141 47 1 0 0 0 0 63 141 16 0 0 0
 0 0 37 128 65 18 1 0 0 0 0 38 141 112 0 0 0 0 0 20
 141 39 0 0 0 0 1 33 42 5 0 0 0 0 0 6 23 27 2 0
 0 0 0 2 141 100 0 0 0 0 0 0 141 84 0 0 0 0 0 0
 18 17 2 0 0 0 0 0
154.34 245.48 4.27 0.989
 1 8 3 3 25 14 0 0 60 138 19 11 51 12 0 0 138 138 8 0
 0 0 0 0 4 8 18 8 0 0 0 0 0 7 8 57 19 1 0 0
 76 47 8 100 63 4 1 14 138 138 6 5 1 0 0 29 21 19 23 11
 0 0 0 0 0 0 1 57 42 15 21 11 29 3 0 44 23 8 65 138
 138 14 6 2 0 0 7 138 15 5 29 18 0 0 0 2 0 0 0 0
 7 14 90 71 3 0 7 1 0 1 63 138 6 1 31 19 0 0 3 50
 0 0 56 112 0 0 0 0
81.59 22.44 3.79 1.207
 2 1 0 2 51 9 0 1 63 0 0 0 32 14 10 83 17 0 0 0
 49 70 26 39 4 0 0 0 100 21 0 7 8 2 1 22 71 2 0 2
 119 17 4 12 38 6 8 107 37 5 6 50 119 57 18 42 13 0 0 16
 119 11 1 8 6 19 25 49 47 0 0 0 116 119 57 30 18 0 3 11
 14 27 86 119 60 2 24 14 4 0 0 28 45 7 80 39 3 15 20 12
 4 0 47 55 4 14 10 4 2 0 119 104 0 2 14 8 0 0 119 107
 0 0 8 4 0 0 119 80
80.43 34.94 4.55 -0.084
 1 25 5 0 0 24 61 3 46 36 21 0 0 14 19 3 142 11 2 0
 17 0 0 12 21 0 0 5 116 1 0 2 16 46 9 1 4 52 115 32
 59 5 5 8 58 132 60 7 142 1 0 0 30 5 1 7 26 0 0 2
 142 3 0 0 9 115 76 8 5 29 26 4 51 24 86 74 71 35 6 0
 142 16 1 5 25 3 0 0 27 1 0 0 142 15 0 0 0 1 5 7
 7 40 21 1 37 10 14 32 23 38 8 0 142 34 1 2 9 2 0 0
 26 3 0 0 107 16 0 0
61.65 214.23 3.59 0.545
 6 8 5 0 4 53 42 4 124 104 1 0 2 11 1 1 122 87 0 0
 5 0 0 0 1 2 0 0 29 3 0 0 0 0 9 15 37 97 11 0
 82 83 1 2 29 68 3 10 124 124 0 0 1 1 1 20 18 7 0 0
 28 3 0 1 3 21 124 34 12 5 0 0 81 32 23 5 17 19 17 105
 124 8 0 0 1 1 6 124 14 0 0 2 30 1 0 9 17 89 124 6
 0 0 0 0 124 124 9 0 0 0 0 23 111 53 0 1 4 0 0 36
 0 1 0 9 28 0 0 1
51.74 182.18 3.81 2.306
 2 10 4 1 32 60 8 5 66 137 6 1 24 16 0 0 123 137 0 0
 0 0 0 0 8 11 0 0 0 0 0 0 7 3 7 32 71 34 2 3
 91 53 1 15 98 19 0 1 137 127 0 0 1 0 0 4 37 25 0 0
 0 0 0 0 0 2 42 80 13 0 7 2 76 2 3 32 47 4 13 66
 137 13 0 0 1 0 0 108 35 25 5 0 0 0 0 2 0 0 7 8
 0 3 137 39 21 0 0 1 1 5 128 137 75 4 3 0 0 0 4 120
 5 9 19 15 0 0 0 1
10.05 182.04 3.99 -1.638
 7 21 0 0 0 0 0 1 142 142 0 0 0 0 0 2 142 63 0 0
 0 0 0 12 20 0 0 1 13 4 2 24 2 4 0 0 0 2 20 4
 108 89 0 0 0 36 95 24 142 103 0 0 0 3 9 36 46 1 0 0
 5 9 9 33 0 1 1 0 0 2 25 0 22 15 12 0 0 90 142 35
 142 8 3 0 0 18 67 142 43 0 0 0 0 0 19 45 0 5 3 0
 0 0 1 0 4 64 78 2 1 16 30 5 121 121 36 0 0 7 16 33
 51 12 0 0 0 0 5 14
229.61 311.84 3.34 2.254
 0 0 0 0 0 0 0 0 7 9 2 0 0 0 0 2 37 10 6 1
 0 0 0 115 7 0 1 21 77 26 27 116 0 0 0 0 1 3 0 0
 41 84 30 6 24 22 1 5 159 122 7 0 2 3 7 129 39 1 0 8
 78 123 61 67 0 0 0 0 0 3 1 0 69 12 2 2 43 30 2 15
 159 51 0 0 5 3 5 107 131 32 6 14 27 86 80 62 0 0 0 0
 0 0 0 0 12 0 0 0 0 0 0 1 157 37 0 0 0 0 0 12
 58 92 32 25 19 3 1 4
221.33 102.55 3.27 1.197
 134 120 8 2 0 0 0 4 89 44 20 4 0 0 0 47 8 5 33 26
 0 0 12 66 8 2 15 22 1 0 17 60 134 114 0 0 0 0 0 1
 134 61 11 1 0 0 1 75 16 7 46 56 1 0 10 108 1 1 45 101
 3 1 6 12 134 74 0 0 0 0 0 0 134 129 44 4 0 0 0 8
 12 23 103 57 0 0 0 3 10 2 18 26 0 0 0 4 101 34 0 0
 0 0 0 0 134 74 5 0 0 0 0 0 39 11 6 0 0 0 0 4
 17 0 0 0 0 0 4 47
216.72 87.30 2.86 0.615
 22 4 2 79 58 0 0 2 51 0 0 78 71 0 0 28 72 0 0 21
 20 0 0 53 40 1 0 29 19 0 0 23 10 49 22 119 85 0 0 0
 135 9 3 50 36 0 0 32 68 6 6 62 25 0 0 26 56 2 2 19
 18 1 2 54 9 135 123 50 15 0 0 0 90 135 34 18 5 0 0 2
 77 33 34 39 2 0 0 21 70 1 1 37 28 1 1 40 9 135 41 0
 0 0 0 0 10 135 30 0 0 0 0 0 97 135 18 2 0 0 0 6
 29 19 20 76 16 0 0 5
193.02 82.20 2.92 0.062
 1 0 0 0 126 51 0 2 15 0 0 0 5 3 11 25 126 20 0 0
 0 0 12 14 116 30 0 3 58 8 0 3 9 0 0 0 126 75 0 6
 76 2 0 0 17 15 50 91 95 7 0 0 16 38 72 37 126 23 0 5
 55 2 0 4 13 2 0 0 126 74 0 0 126 39 0 1 44 16 3 13
 73 23 0 4 96 22 5 5 108 41 2 7 45 4 0 1 3 5 0 1
 126 48 0 0 121 52 0 0 64 16 0 0 59 27 0 3 75 19 0 0
 70 36 2 5 29 8 1 6
177.60 94.69 3.45 0.146
 39 17 0 0 0 0 0 4 115 4 0 0 4 12 39 102 9 3 0 0
 59 76 49 27 23 23 3 0 8 3 0 3 82 1 0 0 2 0 1 13
 162 8 0 0 26 13 6 57 39 3 0 6 162 48 6 15 32 12 0 2
 35 1 0 0 48 0 0 0 4 15 73 67 162 30 1 7 32 11 20 30
 48 12 1 33 162 4 0 1 23 17 1 5 38 0 0 0 105 9 0 4
 41 21 28 33 162 16 1 8 55 14 9 11 31 5 1 34 162 1 0 1
 13 16 1 6 27 0 0 0
108.75 284.12 3.42 -2.898
 28 10 18 9 4 4 1 3 26 3 2 4 8 23 36 31 163 1 0 0
 0 1 13 163 89 0 0 0 0 0 0 42 37 15 4 5 2 2 7 8
 101 22 8 15 9 0 1 10 163 14 0 0 0 0 0 55 89 2 0 0
 0 0 0 18 2 5 19 15 4 20 18 1 105 22 9 5 3 3 7 35
 163 88 0 0 0 0 0 27 83 59 0 0 0 0 0 1 2 5 60 21
 1 1 20 14 66 47 14 2 0 0 7 42 159 143 0 0 0 0 0 23
 113 93 0 0 0 0 0 1
95.59 225.84 3.27 -0.463
 11 69 136 2 0 0 0 0 23 82 120 0 0 0 0 5 27 28 16 0
 0 6 1 14 0 0 0 0 0 28 2 0 12 51 137 50 2 0 0 0
 154 126 49 0 0 0 0 26 90 6 0 0 1 6 5 53 0 0 0 0
 6 19 1 1 54 18 25 58 27 0 0 26 154 42 6 0 0 0 0 89
 121 1 0 0 5 5 0 16 0 0 0 0 13 10 0 0 28 0 0 3
 16 6 41 154 154 0 0 0 0 0 2 154 29 0 0 0 7 2 0 27
 0 0 0 0 12 3 0 0
82.69 23.20 3.28 1.196
 4 2 0 4 76 6 0 1 107 0 0 0 45 9 8 88 27 0 0 0
 31 78 29 46 1 0 0 4 110 30 0 1 12 2 0 25 85 0 0 2
 120 18 5 13 41 3 3 77 54 6 11 64 120 40 9 34 4 0 0 37
 120 9 1 3 13 12 12 41 79 2 0 0 120 105 63 22 21 2 1 6
 16 27 120 120 28 0 11 8 0 0 5 51 39 4 45 23 2 11 21 15
 8 0 25 30 4 10 11 2 2 0 88 73 0 2 16 7 0 0 120 95
 0 0 1 1 0 0 120 81
68.63 288.67 2.77 -1.008
 1 3 20 56 77 6 0 0 120 34 36 27 9 1 1 12 47 2 0 0
 63 60 6 16 0 0 0 10 102 33 0 0 5 1 0 14 124 24 1 4
 124 15 2 7 36 6 1 50 83 5 2 52 105 14 0 12 0 0 0 54
 124 7 0 0 4 4 1 28 124 16 0 1 124 103 8 11 28 4 0 16
 32 35 12 98 75 0 0 1 0 0 0 81 124 2 0 0 0 0 0 1
 124 80 0 0 87 28 0 1 23 30 5 14 47 12 1 6 70 17 1 3
 0 0 0 5 105 39 1 0
55.16 40.27 2.78 -0.045
 1 38 1 0 0 0 0 0 20 24 2 0 0 0 0 5 49 3 0 0
 0 0 20 117 3 0 0 0 19 26 78 70 1 68 25 0 0 0 0 0
 62 53 57 4 0 0 0 2 156 26 2 0 0 0 4 79 40 0 0 5
 119 17 16 39 2 55 48 1 0 2 2 0 156 28 43 3 0 0 0 13
 156 6 0 0 3 0 0 51 48 0 0 15 156 0 0 7 7 10 3 0
 1 66 52 5 156 3 0 0 0 6 5 23 156 0 0 0 4 0 0 30
 28 0 0 13 137 0 0 1
51.31 182.12 3.46 2.295
 0 5 0 0 50 71 3 0 89 137 1 0 30 19 0 0 137 137 0 0
 0 0 0 0 6 8 1 0 0 0 0 0 0 1 8 42 82 29 0 0
 102 44 1 13 106 18 0 3 137 108 0 0 2 0 0 8 26 21 0 0
 0 0 0 0 0 1 37 76 15 1 3 4 89 1 3 18 61 7 6 76
 137 10 0 0 1 0 0 116 20 21 6 0 0 0 0 1 0 0 5 7
 1 14 127 42 32 0 0 0 4 12 92 137 71 4 4 0 0 0 1 106
 2 8 15 3 0 0 0 0
49.85 281.76 3.43 2.173
 28 19 2 8 61 29 1 4 125 78 0 0 1 1 0 7 125 107 12 0
 0 0 0 1 11 62 21 0 0 0 0 0 43 3 0 29 123 35 4 14
 125 17 2 10 7 2 0 39 60 79 121 86 23 0 0 7 0 125 125 9
 1 0 0 0 35 4 1 22 123 19 20 24 125 20 2 16 21 1 9 41
 14 10 27 94 125 21 4 1 0 41 113 11 11 15 25 0 8 1 0 6
 19 13 55 39 33 0 0 8 34 9 21 32 6 1 1 8 66 36 27 11
 0 0 1 0 4 53 52 5
49.85 281.76 3.43 -1.437
 12 24 24 11 10 3 8 6 29 36 6 8 28 11 0 0 10 21 21 77
 41 11 0 0 50 52 7 10 7 26 5 3 12 32 76 21 1 0 1 2
 118 75 9 2 17 25 3 9 18 8 1 9 102 121 3 3 95 86 7 4
 27 26 1 2 7 5 10 6 0 0 121 79 109 13 0 0 5 16 121 117
 18 0 0 0 114 121 12 14 15 48 9 2 47 83 3 1 0 0 0 0
 0 0 121 50 0 0 0 0 0 51 121 28 0 0 0 0 25 121 21 2
 2 1 0 0 11 121 32 1
10.47 179.56 3.28 -1.735
 11 39 2 0 0 0 5 6 81 136 9 0 0 4 7 6 136 130 0 0
 0 0 0 4 23 2 0 0 0 0 0 18 1 1 0 0 0 3 30 12
 58 49 3 0 3 95 94 23 136 100 0 0 0 13 15 27 67 4 0 0
 0 0 5 30 0 2 0 0 0 0 24 9 12 17 12 0 0 111 136 34
 136 8 6 0 0 46 91 111 77 1 0 0 0 0 7 37 0 5 4 0
 0 0 0 0 3 64 106 4 2 18 22 5 49 116 113 5 2 18 19 18
 67 56 1 0 0 0 0 9
5.09 170.57 3.36 2.685
 1 22 51 15 0 0 0 0 1 17 113 48 7 0 0 0 18 12 80 134
 85 7 0 4 72 28 74 61 26 3 1 17 14 15 134 134 1 0 0 3
 134 87 134 47 19 5 0 22 64 15 11 44 134 62 5 23 98 21 10 65
 32 8 2 27 69 25 47 123 24 0 0 36 134 87 14 9 7 0 0 36
 24 19 5 25 92 4 0 3 5 6 1 4 8 0 0 0 15 25 6 21
 11 0 0 2 13 16 0 0 0 0 0 0 0 1 0 0 0 0 0 0
 0 0 0 0 0 0 0 0
5.09 170.57 3.36 -0.461
 0 0 0 0 0 0 0 0 0 0 0 0 0 0 0 0 0 0 0 0
 12 16 0 0 9 0 0 2 17 27 5 16 4 0 0 0 5 5 1 4
 97 4 0 2 17 15 5 24 13 0 0 32 133 88 13 10 19 0 0 40
 87 29 50 107 27 5 2 24 93 20 11 77 133 66 5 26 68 14 9 45
 34 8 0 21 133 84 133 42 1 0 0 3 20 20 133 133 31 3 1 16
 67 26 67 58 82 7 0 5 25 15 89 133 13 0 0 0 1 16 105 60
 0 0 0 0 2 23 54 15
226.94 132.33 2.61 0.386
 0 28 7 1 0 0 0 0 61 28 1 0 0 0 0 2 166 4 0 0
 0 0 0 33 81 19 0 0 0 0 0 5 2 45 13 0 0 0 2 2
 108 38 1 0 0 0 0 7 166 22 0 0 0 0 0 11 61 47 4 0
 0 0 0 0 2 166 48 0 0 0 0 1 117 123 12 0 0 0 0 20
 166 51 0 0 0 0 0 45 34 43 6 0 0 0 1 6 1 46 3 0
 0 0 0 0 43 130 5 0 0 0 0 0 104 166 21 0 0 0 0 6
 5 115 49 0 0 0 2 2
226.66 75.13 2.73 1.424
 15 0 0 0 0 0 5 10 162 0 0 0 0 0 3 162 58 0 0 0
 0 0 45 162 5 1 7 3 0 0 18 71 35 0 0 0 0 2 7 10
 162 9 2 0 0 0 1 74 134 10 46 41 0 0 2 36 2 2 88 70
 0 0 0 4 28 0 0 0 0 0 9 13 162 68 14 3 0 0 3 23
 64 41 82 70 0 0 2 27 2 0 37 30 0 0 25 69 14 6 3 0
 0 0 2 2 162 27 3 0 0 0 1 8 96 18 6 1 0 0 1 45
 12 8 27 4 0 0 10 43
220.60 311.68 2.45 2.223
 8 55 35 6 10 10 0 3 122 130 8 0 0 0 0 62 52 13 0 0
 12 18 19 65 0 0 0 6 64 109 38 1 21 17 6 4 52 57 5 9
 141 86 2 0 5 5 1 83 141 23 0 0 0 10 55 104 10 0 0 2
 18 137 108 16 17 2 0 1 13 3 0 2 141 49 0 0 2 0 0 26
 141 126 8 1 0 0 2 19 42 35 25 68 74 29 12 9 0 0 0 0
 0 0 0 0 30 4 0 0 0 0 0 1 36 78 14 0 0 0 0 1
 13 41 33 23 10 3 2 5
219.67 79.87 2.80 -2.897
 0 0 0 0 5 101 84 1 0 0 0 0 0 125 125 5 1 0 0 1
 7 125 125 9 0 0 0 4 4 98 64 0 10 0 0 0 33 36 30 26
 23 1 0 0 35 95 44 14 110 7 0 0 4 81 125 39 6 0 0 0
 11 125 125 2 49 0 0 2 39 12 3 22 30 0 0 0 118 44 3 8
 125 4 0 0 13 7 2 12 21 0 0 0 59 62 8 4 56 4 0 4
 26 5 0 5 22 1 0 2 113 12 0 2 125 0 0 0 13 2 0 6
 25 0 0 0 38 23 1 3
209.08 241.88 2.83 -1.186
 0 62 59 13 1 0 0 0 0 134 102 7 4 1 0 0 0 55 23 4
 36 7 0 0 0 0 0 1 56 12 0 0 0 2 16 48 23 0 0 0
 21 115 80 75 46 0 0 1 134 134 31 6 12 1 0 7 9 4 0 7
 75 12 0 1 0 13 72 47 15 0 0 0 93 8 7 92 79 0 0 25
 134 21 1 4 10 2 0 98 13 0 0 23 117 10 0 6 0 23 39 20
 5 0 0 0 134 3 7 46 22 0 0 25 134 0 0 0 8 3 0 67
 2 0 0 44 134 7 0 1
208.89 99.45 2.51 0.271
 51 4 0 18 99 5 0 3 132 39 4 9 38 1 0 16 31 15 9 65
 132 7 1 7 1 2 0 30 71 0 0 0 63 12 2 25 132 6 0 5
 132 37 5 9 51 9 8 65 19 14 11 70 132 36 9 15 6 5 0 22
 55 1 0 0 57 29 10 61 84 0 0 0 132 33 1 18 40 3 1 15
 30 7 1 43 132 15 2 3 2 10 1 12 57 0 0 0 28 59 60 43
 10 0 0 0 132 77 14 20 17 0 0 2 16 10 10 87 132 0 0 0
 0 14 8 18 25 0 0 0
208.89 99.45 2.51 -2.858
 36 0 0 0 0 11 8 25 126 0 0 0 27 15 12 88 10 0 0 3
 126 80 17 20 7 0 0 0 19 70 67 37 80 1 0 0 2 8 1 17
 126 13 2 5 53 9 1 44 39 1 1 12 126 29 1 23 69 0 0 0
 61 36 13 60 76 2 0 0 4 4 0 30 126 37 11 24 35 18 12 60
 68 6 6 60 126 29 3 10 117 5 0 4 81 14 2 26 90 0 0 0
 1 1 0 40 111 7 1 10 53 21 11 58 54 1 0 14 126 33 2 11
 84 5 0 5 68 3 0 16
207.99 85.52 2.55 0.318
 12 0 0 17 130 0 0 1 130 1 0 4 20 0 0 26 47 2 0 33
 81 7 2 9 103 1 0 6 17 2 0 27 27 1 0 28 130 0 0 0
 130 5 0 5 26 2 0 17 52 6 0 21 130 6 0 9 113 38 6 12
 20 2 1 20 34 6 1 35 130 0 0 0 130 29 2 13 23 0 0 2
 61 10 2 44 113 1 0 10 103 12 2 7 30 10 6 42 20 20 25 28
 130 2 0 0 100 83 16 16 14 0 0 0 63 19 17 51 36 0 0 2
 113 10 0 12 31 0 0 4
204.63 92.05 2.65 0.315
 119 1 0 3 28 0 1 28 56 2 0 29 78 20 10 17 119 0 0 9
 25 6 1 40 22 1 1 45 91 1 0 6 119 3 0 5 31 1 0 14
 70 6 0 27 119 5 0 8 119 43 7 17 34 2 1 26 8 6 6 73
 119 3 0 3 119 21 1 10 27 0 0 4 71 11 2 41 119 2 0 11
 119 24 5 13 44 15 9 59 2 3 4 46 119 16 3 2 100 62 10 12
 20 0 0 0 68 22 15 56 48 0 0 1 119 14 1 17 47 1 0 7
 1 1 0 34 119 2 0 0
204.63 92.05 2.65 -2.903
 120 1 0 0 5 2 1 27 36 0 0 1 120 28 1 13 52 0 0 0
 50 35 19 51 31 1 0 0 86 70 8 8 120 25 3 3 3 3 2 23
 45 15 8 46 120 27 3 8 120 4 0 6 69 18 2 30 33 0 0 1
 120 38 1 6 120 6 1 2 5 7 7 62 35 4 2 19 120 61 9 15
 120 11 0 5 67 10 0 14 30 2 0 4 120 13 0 2 115 3 0 2
 11 0 1 33 24 4 1 22 120 2 1 7 91 18 7 9 55 3 0 22
 20 1 2 16 120 2 0 1
198.87 97.75 2.78 0.306
 45 0 0 7 36 46 50 38 126 1 0 5 23 23 10 55 68 4 2 62
 126 0 0 13 2 4 0 28 78 0 0 0 91 4 0 36 103 4 0 10
 126 19 3 19 54 4 1 43 33 5 4 86 126 6 1 11 2 8 1 28
 58 0 0 0 82 8 1 22 126 6 0 10 126 51 10 20 57 9 6 50
 12 14 12 112 126 15 3 5 10 5 0 17 25 0 0 0 65 19 6 47
 67 0 0 2 126 17 1 16 53 8 4 28 7 3 0 35 126 13 2 3
 7 11 0 4 12 0 0 0
198.87 97.75 2.78 -3.044
 47 4 0 0 0 11 2 3 136 43 3 5 31 15 0 3 59 8 2 14
 136 56 1 6 85 5 0 0 63 45 4 13 34 3 0 0 7 11 0 6
 136 45 5 8 13 16 10 55 58 17 4 23 136 93 11 13 122 32 1 2
 74 25 0 4 38 0 0 0 3 10 1 5 136 22 1 2 12 6 3 31
 53 11 2 6 136 47 4 9 130 21 6 4 73 16 0 8 25 0 0 0
 0 12 1 2 136 8 0 0 11 4 1 15 33 5 2 7 136 22 1 6
 21 43 62 22 53 2 0 0
165.94 92.68 2.26 -0.117
 10 10 3 1 0 0 0 9 21 4 0 0 0 0 9 27 7 4 4 0
 0 6 17 17 3 14 14 0 0 1 0 8 52 27 8 0 0 0 0 13
 112 9 0 0 0 7 83 130 6 2 2 0 41 130 130 32 2 10 6 0
 28 48 1 0 91 31 0 0 0 0 0 2 130 96 1 1 2 3 10 41
 44 18 2 3 130 130 21 17 1 2 0 0 126 72 0 0 46 17 0 0
 0 0 0 0 130 110 0 0 0 0 0 5 98 51 1 1 88 75 9 14
 0 1 0 0 130 79 0 0
145.67 229.57 2.63 1.543
 2 0 0 6 25 4 1 2 69 17 4 24 46 2 0 13 149 34 0 0
 0 0 0 53 28 10 3 0 0 0 0 2 4 1 2 34 48 0 0 1
 57 68 11 52 112 1 0 6 149 149 4 3 4 0 0 24 45 29 2 0
 0 0 0 1 0 0 31 82 18 0 0 0 77 8 8 57 72 4 3 82
 149 22 0 0 3 1 1 149 45 10 5 0 0 0 0 13 1 1 46 78
 1 0 1 2 149 12 19 31 0 0 1 93 149 4 1 0 0 0 0 97
 5 6 11 0 0 0 0 1
145.30 208.90 2.56 1.625
 0 0 0 0 25 25 2 0 126 61 0 0 24 11 0 0 170 109 0 0
 0 0 0 0 20 10 0 0 0 0 0 0 0 0 0 0 46 12 0 0
 126 28 0 3 71 7 0 3 170 76 0 0 0 0 0 7 45 16 2 0
 0 0 0 0 0 0 0 5 47 5 0 0 124 2 0 8 70 4 0 48
 170 7 0 0 0 0 0 102 42 12 1 0 0 0 0 3 0 0 1 34
 48 2 1 1 155 56 10 36 29 0 0 31 170 49 0 0 0 0 0 64
 12 12 4 0 0 0 0 1
143.22 237.86 2.49 1.210
 14 70 16 11 62 11 0 0 124 161 11 1 4 1 0 3 53 62 4 0
 0 0 0 0 0 3 9 0 0 0 0 0 13 6 1 19 97 26 1 6
 161 55 1 2 14 9 2 71 161 24 5 0 0 0 0 15 0 1 16 2
 0 0 0 0 17 12 6 105 29 0 0 1 161 81 5 13 3 0 0 12
 146 34 8 0 0 0 0 2 0 0 18 2 0 0 0 0 15 3 2 59
 12 1 13 36 161 19 1 5 1 0 4 136 101 14 8 0 0 0 0 15
 0 1 18 1 0 0 0 0
102.22 22.99 2.62 2.576
 19 64 14 3 11 10 1 2 47 134 27 0 0 0 2 17 14 87 60 24
 0 0 2 7 0 1 10 50 4 1 1 0 26 4 1 1 23 77 10 18
 134 42 7 1 0 3 31 109 25 36 32 9 1 4 51 44 1 3 19 5
 2 2 13 5 9 1 0 0 55 134 7 6 69 81 45 14 3 11 5 13
 5 53 134 49 4 3 20 9 0 23 134 17 0 0 38 9 0 0 0 0
 93 134 0 0 6 5 6 5 28 69 4 6 58 18 20 12 5 6 108 130
 12 10 24 3 0 4 134 80
102.22 22.99 2.62 -2.144
 0 0 89 134 0 0 0 0 0 0 48 134 8 7 12 2 1 1 21 70
 10 19 30 6 16 3 9 8 1 2 21 73 7 6 25 64 4 6 6 6
 49 15 2 9 6 14 73 85 7 1 0 2 33 110 134 46 31 0 0 0
 2 16 46 134 24 13 5 6 112 132 56 18 134 49 4 3 20 9 5 51
 31 9 1 3 49 42 24 36 60 28 1 0 1 6 12 79 26 3 0 4
 134 80 11 9 134 19 0 0 35 8 0 21 18 5 2 2 13 5 1 3
 8 51 4 1 1 0 0 1
93.95 270.15 2.73 -2.563
 45 36 9 0 0 1 9 18 138 24 0 0 0 0 7 125 138 35 0 0
 0 0 0 41 28 2 0 0 0 0 0 13 50 11 0 0 0 0 45 77
 138 83 0 0 0 0 6 63 138 89 0 0 0 0 0 16 59 2 0 0
 0 0 0 18 14 13 10 1 0 0 49 98 87 34 3 0 0 0 27 138
 138 11 0 0 0 0 1 76 60 1 0 0 0 0 0 20 15 39 63 4
 0 0 6 17 113 102 10 0 0 0 0 18 138 48 0 0 0 0 0 7
 61 4 0 0 0 0 0 6
76.76 279.25 2.44 -0.927
 21 13 1 31 96 4 1 8 113 79 9 19 7 1 1 40 12 9 6 113
 48 0 0 2 0 0 0 91 73 0 0 0 14 10 1 6 113 52 1 4
 113 71 3 6 18 10 2 16 25 8 2 35 113 2 0 0 0 0 0 42
 113 9 0 0 5 0 0 0 78 113 6 6 113 4 0 0 11 23 14 51
 27 2 0 2 100 67 10 12 0 0 0 0 106 63 5 0 0 0 0 0
 44 113 37 5 22 0 0 0 0 21 83 113 7 0 0 0 33 113 30 43
 0 0 0 0 23 95 76 9
66.02 25.73 2.62 -2.063
 0 0 128 128 1 0 0 0 1 0 128 123 0 0 0 0 9 1 49 56
 0 0 9 53 4 0 7 8 1 6 85 128 0 0 23 28 22 48 0 0
 19 9 23 31 26 7 0 0 128 16 6 4 1 0 4 89 128 16 1 3
 15 5 28 128 0 0 0 19 60 19 0 0 44 2 0 18 86 4 0 2
 128 36 0 1 4 0 0 9 118 110 16 13 9 0 0 1 0 0 0 22
 49 0 0 0 39 3 0 21 61 0 0 0 128 54 1 1 1 0 0 0
 14 98 28 7 2 0 0 0
64.45 216.47 2.11 -0.107
 0 113 131 0 0 2 4 0 5 131 126 0 0 0 0 0 19 125 7 0
 0 3 0 0 1 2 0 0 2 12 0 0 0 12 22 0 0 56 75 0
 64 131 20 0 0 45 20 10 131 131 0 0 0 0 0 17 29 7 0 0
 2 9 0 3 0 0 1 10 11 61 28 0 61 9 2 3 8 68 26 73
 131 32 3 0 0 0 3 131 29 10 4 0 1 7 0 10 0 0 30 72
 5 1 0 0 28 79 57 22 2 2 1 11 49 131 66 0 0 0 0 14
 2 111 45 0 0 0 0 0
54.46 40.67 2.50 -0.047
 2 30 1 0 0 0 0 0 21 19 2 0 0 0 0 5 52 4 0 0
 0 0 23 129 3 0 0 0 19 18 90 102 4 56 22 4 0 0 0 0
 60 43 59 19 0 0 0 2 165 32 5 0 0 0 3 83 49 0 0 4
 97 10 16 49 1 43 60 10 0 0 0 0 153 18 48 17 0 0 0 15
 165 7 1 0 0 0 0 61 55 0 0 11 131 0 0 10 15 25 10 0
 0 20 23 7 165 3 1 0 0 0 0 23 165 0 0 0 0 0 0 38
 33 1 0 12 114 0 0 1
31.23 73.56 2.32 -0.930
 4 6 4 32 20 3 0 0 10 23 28 63 13 11 20 6 136 113 24 15
 4 9 22 80 104 40 1 3 1 0 2 43 0 3 5 22 56 14 0 0
 23 69 125 44 61 40 19 10 136 100 65 3 1 8 18 82 97 23 49 25
 3 0 2 34 1 32 3 1 22 30 0 0 23 12 16 6 39 136 83 44
 136 84 41 0 0 9 39 100 27 93 120 3 0 0 0 0 3 44 3 0
 0 1 0 0 23 24 1 2 1 8 17 11 14 35 29 11 4 2 7 13
 1 95 29 0 0 0 0 0
27.60 109.96 3.24 -0.126
 29 29 0 0 0 0 1 7 30 24 0 0 0 0 5 21 15 26 0 0
 0 0 42 66 4 13 1 0 0 0 78 98 62 10 3 0 0 0 0 21
 147 15 1 0 0 0 37 147 26 1 0 0 0 0 147 147 12 0 0 0
 0 0 99 141 36 10 6 3 0 0 0 9 147 85 2 0 0 0 2 28
 146 20 0 0 0 0 7 46 38 0 0 0 0 0 0 20 7 5 11 3
 0 0 0 0 147 82 1 0 0 0 0 0 147 38 0 0 0 0 0 4
 33 0 0 0 0 0 0 7
11.78 158.26 2.69 2.533
 0 2 4 4 0 0 0 0 0 0 19 46 0 0 0 0 0 1 50 106
 16 0 0 0 0 0 8 87 98 13 1 0 0 4 21 41 9 0 0 0
 8 12 75 130 82 2 0 0 105 49 108 99 16 3 3 26 10 1 6 38
 107 25 5 14 17 22 99 58 17 3 0 2 36 9 14 69 130 99 4 13
 130 33 12 48 47 25 4 40 16 3 5 130 75 1 0 3 130 40 40 16
 2 2 0 15 34 7 4 21 130 57 3 11 43 36 6 18 50 13 1 7
 0 2 1 19 9 0 0 0
11.78 158.26 2.69 -1.204
 18 30 0 0 0 5 7 1 47 127 26 2 18 29 5 5 13 27 9 1
 28 85 42 77 26 0 0 0 0 1 14 116 57 11 0 0 17 53 21 10
 31 127 53 8 80 127 14 9 127 127 16 0 2 8 8 52 31 1 0 0
 0 0 9 40 127 36 1 1 11 23 2 13 51 26 3 6 88 127 38 58
 127 21 0 0 2 21 27 127 29 0 0 0 0 0 1 19 57 59 8 2
 1 0 0 11 61 78 8 5 15 6 6 49 75 4 0 0 0 1 2 85
 8 0 0 0 0 0 0 5
6.04 152.66 2.57 2.502
 0 0 28 85 1 0 0 0 4 9 85 126 7 0 0 4 2 1 16 58
 123 32 2 4 0 0 0 13 30 20 15 2 8 9 43 126 126 12 0 1
 126 68 77 82 27 7 3 29 39 4 4 87 126 21 6 23 0 0 8 84
 34 6 1 0 22 5 7 20 126 113 5 10 126 38 9 33 59 46 6 37
 33 11 7 126 87 0 0 1 0 0 3 34 6 0 0 0 32 6 5 22
 112 32 1 6 21 31 5 11 70 13 0 2 1 5 1 8 5 0 0 0
 0 0 0 0 0 0 0 0
6.04 152.66 2.57 -1.090
 0 0 0 0 0 0 0 0 14 8 0 0 4 22 15 3 55 129 21 5
 25 30 10 3 18 99 12 2 24 33 17 22 10 0 0 0 0 0 0 2
 129 4 0 0 24 48 12 32 40 81 16 7 129 129 18 20 129 129 6 1
 7 17 10 68 31 0 0 0 0 0 0 26 129 58 3 4 11 8 0 37
 40 28 5 14 96 111 35 68 106 1 0 0 3 19 29 129 37 1 1 1
 0 0 0 28 44 85 14 6 0 0 0 9 106 76 3 2 5 1 4 60
 47 1 0 0 0 0 1 67
221.03 274.54 2.08 2.453
 0 0 0 0 38 35 0 0 15 0 0 0 1 4 2 82 65 0 0 0
 0 0 0 131 31 0 0 0 0 0 0 111 3 0 0 1 50 88 15 6
 131 12 0 0 6 12 2 131 119 11 0 0 0 0 0 131 20 1 0 0
 0 0 0 18 3 1 1 63 98 52 16 6 131 129 0 9 29 7 0 11
 131 131 0 0 0 0 0 8 27 5 0 0 0 0 0 8 0 0 0 75
 42 8 4 0 43 64 0 5 12 12 1 0 131 131 0 0 0 0 0 0
 44 45 0 0 0 0 0 1
218.84 291.68 2.16 -1.111
 4 107 28 11 2 3 1 0 6 70 82 35 2 0 0 0 1 69 114 17
 3 1 0 0 0 3 25 33 47 25 0 0 0 127 76 12 0 1 0 0
 10 79 127 83 0 0 0 0 92 127 39 3 0 0 0 5 17 12 4 39
 23 2 0 1 0 45 20 1 0 92 15 0 75 49 44 16 0 5 0 10
 127 18 3 9 4 0 0 61 17 0 0 89 49 0 0 6 0 1 0 0
 0 127 47 0 72 32 1 0 6 127 18 6 119 96 46 36 6 2 0 27
 3 5 14 94 19 0 2 9
217.97 56.84 2.05 0.438
 1 64 16 4 0 0 0 0 42 14 20 17 5 0 0 2 157 3 0 0
 0 0 0 28 71 2 0 0 0 0 0 6 2 104 11 0 0 0 0 0
 89 38 18 0 0 0 0 2 157 13 0 0 0 0 0 8 69 15 0 0
 0 0 0 1 1 157 10 0 0 0 0 0 116 131 3 0 0 0 0 9
 157 18 0 0 0 0 0 27 49 20 1 1 1 0 0 3 3 59 2 0
 0 0 0 0 72 157 2 0 0 0 0 0 157 157 4 0 0 0 0 8
 18 56 5 1 3 0 1 4
182.99 299.06 1.93 -0.602
 62 129 32 3 0 0 0 0 49 64 104 121 0 0 0 34 58 2 10 39
 0 0 23 129 1 0 5 2 0 0 31 89 32 49 12 0 0 1 0 3
 129 45 29 5 0 0 0 101 129 32 63 9 0 0 4 86 0 16 63 12
 0 0 2 3 28 12 0 0 7 15 0 1 129 129 3 0 0 0 0 10
 51 121 48 27 2 0 0 2 2 72 43 3 0 0 0 0 1 4 0 0
 40 67 0 0 38 129 1 0 2 1 0 0 29 129 6 2 0 0 0 0
 13 45 13 0 0 4 2 1
171.83 300.79 1.91 0.053
 23 0 0 0 6 1 0 1 135 29 0 0 0 0 0 14 135 59 11 0
 0 0 0 3 0 7 28 5 0 0 0 0 35 0 0 0 7 1 0 8
 135 25 6 0 0 0 0 70 124 44 89 4 0 0 0 16 0 7 131 16
 0 0 0 0 32 5 0 0 4 0 0 10 129 109 44 0 0 0 7 43
 16 45 135 10 0 0 49 51 0 2 135 19 0 3 69 9 32 0 0 0
 1 0 1 50 41 11 3 0 0 0 34 135 8 15 6 0 0 3 98 130
 0 2 1 0 0 12 120 7
153.07 7.09 1.97 1.673
 135 9 0 0 0 0 0 2 96 24 10 46 11 0 0 0 0 0 10 35
 20 1 0 0 0 0 0 1 18 10 2 0 135 30 3 3 0 0 0 8
 135 70 104 135 26 0 0 1 66 64 92 77 25 11 0 4 9 2 0 1
 31 65 25 7 135 33 2 11 2 0 0 5 98 34 16 127 87 0 0 14
 135 20 9 13 12 4 1 70 20 0 0 0 6 20 25 24 99 4 0 3
 5 3 12 49 74 4 0 20 49 19 17 24 135 41 8 1 2 1 7 41
 13 25 13 2 1 2 4 9
153.07 7.09 1.97 -2.292
 0 9 20 69 56 48 9 0 25 51 13 8 13 77 13 1 12 6 0 0
 3 135 41 1 0 0 0 0 4 89 2 0 1 2 2 3 32 135 45 10
 58 64 0 0 42 135 13 10 135 55 0 0 1 135 72 45 5 0 0 0
 1 135 52 7 1 5 15 16 26 34 2 1 17 11 16 2 23 135 52 36
 135 27 0 0 0 32 52 118 36 10 0 0 0 135 37 8 0 2 14 43
 38 3 0 0 2 37 64 18 4 5 4 3 21 29 5 0 0 0 2 8
 2 2 0 0 0 0 0 0
148.10 296.85 2.31 -0.017
 0 0 0 0 128 17 0 0 90 2 0 0 1 2 1 19 160 3 0 0
 0 0 15 77 9 0 0 0 0 3 71 21 0 0 0 0 160 14 0 0
 119 18 0 0 3 1 0 7 160 31 0 0 0 0 0 16 30 1 0 1
 7 2 3 2 0 0 0 0 160 13 0 0 118 2 0 0 3 2 1 12
 160 6 0 0 0 0 0 20 30 1 0 8 6 0 0 0 0 0 0 0
 160 5 0 0 95 5 0 0 3 0 0 2 160 35 1 0 0 0 0 1
 17 8 5 9 1 0 0 0
142.69 222.44 1.98 1.794
 0 0 0 18 31 1 0 0 51 0 0 11 29 1 0 64 138 0 0 0
 0 0 0 138 35 3 0 0 0 0 0 11 8 6 5 71 30 0 0 0
 138 21 4 16 3 0 0 138 138 3 0 0 0 0 0 138 10 8 1 0
 0 0 0 3 14 17 6 72 71 0 0 0 138 132 6 12 8 0 0 25
 138 39 0 0 0 0 0 16 1 9 2 0 0 0 0 0 8 1 1 38
 48 3 10 50 138 20 0 2 6 1 9 138 114 10 0 0 0 0 0 38
 1 5 0 0 0 0 0 0
124.86 306.49 2.06 -1.378
 41 114 25 4 1 0 0 1 34 40 52 53 37 0 0 1 140 5 1 3
 4 0 0 15 134 0 0 0 0 0 0 25 18 52 11 0 0 5 27 20
 64 44 35 6 0 4 10 9 140 23 1 0 0 0 0 21 140 0 0 0
 0 0 0 51 1 0 0 0 0 18 71 19 46 7 2 3 3 20 42 25
 140 65 15 0 0 0 2 35 140 76 21 0 0 0 0 33 1 3 11 6
 2 3 5 1 4 8 14 48 30 3 2 0 24 121 140 32 10 0 0 0
 20 140 140 0 0 0 0 0
122.09 20.83 1.90 2.750
 11 7 11 14 35 7 0 7 43 10 7 0 0 0 20 76 124 29 0 0
 0 0 31 73 96 10 0 0 0 5 76 59 32 0 0 0 33 55 8 26
 124 14 0 0 0 2 35 124 95 13 0 0 0 11 117 113 124 16 2 2
 0 0 13 70 14 1 0 0 10 53 9 7 112 124 11 2 2 5 5 16
 88 124 13 0 0 1 15 39 66 56 7 2 0 1 9 60 0 0 0 3
 34 31 0 0 21 59 13 15 29 6 0 4 72 124 5 0 0 0 4 20
 26 124 37 2 0 0 3 3
113.93 15.89 2.18 -2.804
 35 6 5 14 20 6 3 23 112 12 0 0 2 28 52 118 23 0 0 0
 4 72 99 131 18 0 0 0 5 84 63 110 76 11 9 23 11 2 20 54
 131 26 0 0 0 4 20 86 55 5 1 0 2 17 99 121 10 3 19 7
 6 37 13 34 20 0 0 0 10 55 129 131 131 59 2 0 4 38 29 50
 70 68 49 3 5 8 5 9 0 7 28 6 14 12 0 0 39 46 18 2
 20 57 24 40 44 12 6 1 13 46 25 39 15 37 61 2 0 0 0 3
 0 22 72 2 0 0 0 0
96.07 224.14 2.26 -0.446
 2 35 111 4 0 0 0 0 110 72 56 1 0 0 3 29 51 15 9 0
 0 0 22 89 9 2 0 0 2 7 3 11 23 43 119 24 0 0 0 0
 169 81 21 0 0 0 0 19 128 2 0 0 2 3 8 34 0 0 0 0
 5 10 1 1 63 12 14 15 3 0 0 22 169 32 1 0 0 0 0 65
 147 8 0 0 2 3 0 11 0 0 0 0 9 5 0 0 54 0 0 0
 2 0 2 134 169 0 0 0 0 0 0 169 51 0 0 0 4 0 0 32
 0 0 0 0 8 2 0 0
84.84 272.22 2.09 2.829
 15 119 79 0 0 0 0 0 39 114 102 0 0 0 0 6 57 119 12 0
 0 0 0 3 5 119 30 0 0 0 0 0 101 44 8 0 0 0 0 25
 119 34 9 3 0 0 0 43 53 91 60 21 0 0 0 20 1 119 103 0
 0 0 0 0 67 2 0 0 0 0 0 64 106 44 35 34 8 0 0 27
 9 47 119 89 5 0 0 0 33 103 82 1 0 0 0 4 22 0 0 4
 1 0 1 82 8 1 5 106 35 1 0 29 42 20 20 61 15 0 0 4
 119 22 1 0 0 0 0 15
84.84 272.22 2.09 -1.553
 18 68 4 0 13 38 0 0 0 2 0 0 20 106 12 0 0 0 0 0
 3 100 37 1 14 0 0 0 0 25 46 74 50 119 4 0 2 10 7 5
 61 39 3 0 5 47 71 28 4 0 0 0 0 119 119 13 31 0 0 0
 0 21 66 119 27 15 0 0 0 25 71 39 119 22 0 0 0 4 14 100
 27 3 0 0 1 80 87 47 17 0 0 0 0 19 105 119 2 0 0 0
 0 61 63 42 28 0 0 0 0 0 18 119 4 0 0 0 0 1 80 119
 0 0 0 0 0 0 101 107
71.54 218.22 2.02 0.891
 0 56 49 2 0 0 0 0 0 15 16 31 40 5 2 0 19 0 0 34
 82 14 18 36 139 2 0 1 6 0 3 128 33 86 34 0 0 0 0 1
 103 35 9 9 8 11 67 78 14 0 0 7 13 23 139 139 40 0 0 0
 1 0 48 139 118 33 3 0 0 0 0 17 139 46 0 0 0 0 10 46
 98 24 0 0 1 0 63 39 0 0 0 5 7 0 15 15 133 36 0 0
 0 0 0 14 139 26 0 0 0 0 0 25 116 7 0 2 2 0 0 13
 0 0 0 7 9 0 0 0
71.54 218.22 2.02 -0.464
 6 132 90 1 0 11 20 1 100 135 20 0 0 1 1 2 31 19 0 0
 0 7 3 1 0 0 0 0 0 13 5 0 14 10 0 0 1 71 60 13
 135 70 8 0 0 13 12 69 81 27 68 2 0 2 1 6 0 15 31 0
 0 7 3 0 3 3 7 54 15 23 9 3 65 112 130 22 2 3 3 14
 10 86 135 4 0 0 0 0 0 96 135 1 0 0 0 0 0 0 3 103
 18 0 0 0 0 20 66 54 4 0 0 0 0 60 135 6 0 0 0 0
 18 57 127 4 0 0 0 0
69.17 279.58 2.14 -0.659
 0 0 0 120 44 0 0 2 4 1 0 115 89 2 2 5 77 2 1 20
 34 5 16 120 71 1 3 38 14 0 0 104 0 0 0 48 120 7 0 0
 32 19 4 70 115 3 0 5 120 78 11 16 6 0 2 64 21 12 28 115
 7 0 0 14 0 0 0 29 120 15 0 0 34 3 0 5 120 26 5 30
 120 18 2 9 18 3 3 81 9 2 5 62 67 0 0 2 0 0 0 3
 114 75 0 0 31 0 0 0 47 40 11 32 90 2 0 11 20 6 5 54
 1 0 0 29 73 6 0 0
62.23 289.82 2.17 -1.145
 6 5 13 45 55 12 0 0 26 21 31 109 11 0 0 0 135 34 7 8
 5 16 5 21 6 0 0 0 43 78 3 4 0 0 0 12 113 70 0 1
 50 22 5 34 127 28 0 3 135 61 2 5 18 7 1 11 27 1 0 9
 102 35 0 1 0 0 0 7 135 41 0 0 42 6 0 3 135 46 5 25
 135 52 5 13 15 5 3 59 19 7 3 71 80 0 0 0 0 0 0 22
 123 14 0 0 9 16 4 11 117 25 0 1 70 135 13 8 12 6 0 3
 17 30 5 22 48 10 0 0
56.52 302.64 2.02 1.027
 6 68 39 2 6 78 46 2 80 90 27 0 0 3 9 6 95 44 20 1
 0 18 22 29 4 87 37 1 3 65 23 4 3 8 12 2 4 126 126 3
 84 13 0 0 4 126 112 25 126 19 0 0 1 21 19 36 33 20 2 1
 42 126 15 9 0 28 126 10 6 34 8 0 11 12 56 16 34 105 24 7
 126 45 17 2 7 18 7 16 23 59 29 2 18 40 1 0 0 19 96 11
 0 0 0 0 1 70 79 4 2 0 0 0 14 65 55 1 1 0 0 0
 20 82 31 0 0 1 0 0
45.20 198.88 2.11 1.091
 5 123 25 0 0 25 37 1 33 146 18 0 0 3 5 1 30 146 3 3
 1 0 0 0 0 2 0 5 5 0 0 0 2 4 2 4 4 48 36 1
 93 129 0 0 4 47 20 11 146 146 0 0 0 1 0 18 19 9 0 3
 6 0 0 0 19 26 7 12 28 8 1 1 83 15 0 0 5 34 17 129
 146 7 0 0 0 1 3 146 16 1 1 9 3 0 0 5 27 22 1 2
 59 21 0 0 146 32 0 0 1 0 1 102 64 2 0 2 2 0 0 90
 0 0 0 7 8 0 0 1
37.34 295.18 2.00 -1.042
 14 3 0 0 34 88 20 23 97 12 17 16 10 7 13 65 75 43 33 16
 12 2 4 10 13 1 4 59 48 4 8 10 18 68 17 5 7 35 47 21
 29 16 13 80 121 13 32 33 121 35 6 39 61 1 0 9 65 3 1 70
 121 3 0 33 3 105 121 9 1 0 0 0 32 74 70 48 70 10 5 22
 121 13 0 9 59 13 4 63 50 12 11 21 119 34 1 10 0 19 49 6
 0 0 0 0 82 102 19 0 0 0 0 12 121 37 1 9 26 6 2 36
 3 2 6 49 105 17 0 0
32.16 292.87 2.05 1.808
 2 2 1 7 115 94 8 0 0 0 0 0 12 63 81 9 0 0 0 0
 0 8 85 38 15 0 0 0 0 14 23 20 23 20 4 16 115 66 4 2
 101 21 7 11 27 39 115 38 9 2 8 9 3 88 115 20 14 0 0 0
 5 115 31 9 79 20 0 1 115 96 2 6 115 18 13 28 59 47 10 29
 17 67 84 79 26 26 9 3 2 73 12 0 6 86 24 10 62 5 6 6
 45 32 8 10 15 1 1 8 87 51 44 27 4 43 12 24 115 23 1 1
 7 115 12 0 0 1 3 2
32.16 292.87 2.05 0.098
 18 15 29 1 0 0 0 14 48 9 17 1 1 0 0 113 26 7 1 86
 38 2 1 57 0 1 4 96 29 1 5 4 68 53 0 0 0 0 0 6
 113 32 8 2 8 11 2 65 12 4 22 48 79 92 37 20 6 5 5 19
 11 19 113 54 82 24 0 0 0 0 1 25 113 48 71 26 5 7 16 26
 10 18 113 46 10 20 48 66 39 30 24 2 1 4 54 77 20 1 0 0
 0 1 103 113 16 2 10 13 3 10 113 110 1 2 51 46 1 3 113 113
 2 3 96 21 2 3 41 47
31.36 307.55 2.37 -1.296
 1 0 0 2 1 9 52 6 67 2 0 0 0 2 23 125 25 0 1 1
 2 1 13 65 2 0 1 3 23 3 1 7 17 4 4 53 19 13 24 3
 130 17 4 6 1 1 4 54 85 7 15 15 43 10 11 37 10 9 17 25
 51 15 6 14 15 5 2 11 19 130 9 2 130 53 21 9 7 21 5 27
 95 67 62 26 41 7 9 12 58 10 6 62 122 8 9 19 8 63 17 6
 4 110 23 7 54 15 12 16 65 48 58 83 130 107 14 28 103 8 3 6
 106 32 2 13 130 30 1 10
27.55 298.31 2.01 2.722
 2 2 6 86 32 1 22 89 6 2 7 121 65 4 26 89 11 4 8 14
 39 92 43 95 0 0 0 0 34 120 15 0 2 3 5 67 50 53 18 11
 12 25 65 87 23 19 41 74 38 74 62 12 56 40 14 40 1 1 1 11
 121 82 3 0 0 0 36 121 18 12 2 3 58 13 40 121 13 2 1 11
 121 33 16 13 42 6 0 22 4 0 0 25 121 25 29 13 0 2 17 87
 6 4 12 1 66 0 1 15 2 1 22 20 121 0 0 0 8 16 7 30
 5 0 0 0 13 36 65 21
27.55 298.31 2.01 -1.519
 1 1 0 31 31 13 9 2 112 58 2 7 3 2 1 0 112 69 19 11
 10 4 1 3 7 10 14 10 29 15 8 8 0 0 0 5 14 112 56 0
 77 43 0 0 2 89 38 12 112 90 31 28 25 5 7 18 59 112 27 19
 39 10 1 3 0 30 49 40 12 63 24 0 15 47 17 0 0 112 98 39
 43 12 16 11 94 43 49 90 77 112 7 9 97 37 4 3 0 42 27 34
 71 1 0 0 0 112 93 5 1 1 5 4 1 21 112 52 28 8 4 8
 34 38 65 20 32 20 5 7
10.72 187.63 2.43 -1.386
 37 41 0 0 0 0 4 12 64 107 0 0 0 9 18 20 141 15 0 0
 0 2 5 53 37 0 0 0 0 0 0 28 18 9 0 0 6 14 49 30
 57 141 7 1 37 37 25 15 141 123 1 0 1 0 0 41 40 1 0 0
 0 0 1 32 16 0 0 0 27 36 49 30 75 10 0 1 116 69 12 33
 141 23 0 0 3 2 2 109 38 0 0 0 0 0 4 31 19 1 0 0
 13 90 51 34 50 0 0 0 39 141 32 53 141 0 0 0 0 7 11 136
 12 0 0 0 0 0 14 20
10.87 31.09 1.79 2.225
 20 0 0 0 0 0 0 22 154 0 0 0 0 0 0 106 154 0 0 0
 0 0 0 78 6 0 0 1 2 0 0 4 60 1 0 0 0 0 0 18
 154 33 4 0 0 0 0 88 138 34 64 1 0 0 0 33 1 1 84 24
 2 0 0 0 38 27 0 0 0 0 0 1 108 154 83 0 0 0 0 5
 16 78 154 10 0 0 0 0 0 1 154 50 0 0 0 0 1 15 2 0
 0 0 0 0 0 34 43 2 0 0 0 0 0 9 111 29 0 0 0 0
 0 0 75 29 0 0 0 0
10.87 31.09 1.79 -2.778
 2 0 0 0 0 0 1 12 0 0 0 0 0 0 36 24 0 0 0 0
 0 2 89 8 0 0 0 0 0 8 84 1 39 0 0 0 0 0 0 27
 87 2 0 0 0 0 94 149 8 0 0 0 0 0 149 85 0 0 0 0
 0 1 149 20 64 30 2 0 0 0 0 3 149 95 0 0 0 0 9 47
 100 37 0 0 0 0 84 47 1 0 0 0 0 1 94 8 13 48 5 0
 0 0 0 0 149 149 0 0 0 0 0 0 125 133 3 0 0 0 0 0
 3 12 21 1 0 0 0 0
234.68 311.27 1.99 -2.932
 0 0 0 0 0 0 2 1 0 0 0 2 0 0 4 4 2 1 0 1
 0 0 0 0 0 0 0 0 0 0 0 0 0 0 0 19 7 6 21 2
 13 10 8 139 39 10 33 13 139 53 10 40 19 17 1 6 25 19 4 0
 15 24 2 4 0 0 26 84 8 1 6 7 23 2 12 139 34 7 53 47
 139 13 1 11 6 39 25 139 27 13 4 0 8 119 91 24 8 0 6 5
 0 0 31 139 9 0 1 4 1 29 139 139 91 0 0 0 2 24 112 139
 8 0 1 1 1 53 78 19
225.84 309.73 1.46 2.048
 6 57 66 0 0 0 23 26 30 97 17 0 0 0 10 93 15 24 1 0
 0 0 4 47 1 0 0 1 8 10 8 4 8 103 73 1 5 12 0 0
 54 136 36 0 0 0 0 5 128 136 3 0 0 0 8 26 13 0 0 0
 0 1 73 51 25 8 0 0 25 81 2 8 136 42 0 0 0 1 0 93
 136 36 1 0 0 0 1 103 50 21 24 2 0 0 16 36 11 4 0 1
 49 35 0 1 135 99 0 0 3 1 0 20 136 136 3 0 0 0 0 19
 33 35 27 4 0 0 0 1
225.92 285.20 1.51 -0.934
 8 36 8 5 0 0 0 2 121 6 3 5 1 0 0 91 108 0 0 3
 0 0 1 78 2 0 0 51 10 0 0 3 49 16 0 0 4 42 0 6
 126 39 5 3 1 1 5 126 41 9 15 82 20 9 15 67 0 0 5 126
 16 0 0 0 23 15 0 1 92 126 0 0 120 126 50 8 6 3 0 7
 15 77 111 126 6 1 3 3 0 0 17 79 3 1 14 11 0 1 1 64
 126 33 0 0 8 80 12 7 14 0 0 0 58 113 13 3 0 0 4 5
 20 15 0 1 0 0 35 25
211.13 309.63 1.77 -1.442
 0 0 0 7 24 11 1 0 0 0 0 0 20 36 50 11 0 0 0 0
 4 35 88 13 0 0 0 0 28 127 21 1 9 10 44 20 5 5 1 2
 127 24 8 0 9 30 86 110 16 0 0 0 99 127 111 38 0 0 0 0
 41 127 46 16 30 17 71 24 0 0 26 27 127 111 36 6 16 7 3 32
 41 30 57 43 127 85 20 9 0 0 12 55 66 44 32 11 5 8 8 1
 2 18 48 16 34 82 78 9 9 9 2 8 2 44 127 42 6 1 0 0
 0 5 60 75 4 1 0 0
182.24 97.18 1.30 -3.013
 116 5 0 0 0 0 0 6 140 26 5 1 1 2 2 12 4 4 10 28
 41 23 2 1 0 0 0 23 140 16 0 0 125 12 0 0 1 1 0 3
 140 20 1 0 1 6 9 32 12 1 3 20 51 87 16 10 0 0 0 27
 140 33 0 0 133 2 0 0 2 0 0 7 140 7 0 0 1 3 2 24
 26 1 0 8 83 69 6 6 0 0 0 5 140 64 0 0 98 3 0 0
 1 0 0 4 140 41 2 0 0 0 0 6 19 24 20 17 31 34 2 1
 0 0 1 29 140 45 0 0
180.25 252.07 1.39 -0.189
 3 0 0 0 0 73 50 3 172 55 0 0 0 13 36 34 172 107 0 0
 0 0 0 2 13 8 1 6 7 0 0 0 0 0 0 0 0 45 64 0
 172 14 0 0 0 18 51 35 172 84 0 0 0 0 0 9 38 14 1 9
 5 0 0 0 1 0 0 0 0 22 81 13 74 1 0 0 0 21 100 46
 172 18 0 0 0 0 5 43 57 8 0 9 5 0 0 0 12 0 0 0
 0 1 12 17 35 2 0 0 1 9 24 12 172 32 0 0 0 0 1 9
 45 13 0 6 4 0 0 0
175.51 304.86 1.58 1.679
 13 4 0 0 25 96 48 9 14 0 0 0 74 131 12 22 42 0 0 0
 1 19 121 80 0 0 0 0 0 72 136 4 27 2 1 3 22 51 15 42
 43 2 0 8 136 136 5 10 136 14 0 0 15 19 28 44 29 0 0 0
 0 42 113 16 13 2 2 13 28 2 1 10 21 1 1 31 136 33 1 3
 136 13 0 0 32 11 1 9 64 3 0 0 0 0 2 15 1 0 0 11
 38 2 0 3 8 0 0 41 136 10 0 0 136 21 0 4 19 2 0 1
 70 7 0 0 0 0 0 6
175.51 304.86 1.58 -1.231
 0 0 0 17 23 0 0 0 1 0 0 47 131 0 0 0 69 5 0 16
 60 0 0 61 67 7 0 0 0 0 0 62 0 11 20 29 23 0 0 0
 16 2 1 93 131 0 0 1 131 6 1 21 40 0 1 82 47 0 0 4
 4 1 2 44 0 131 115 21 16 0 0 0 28 23 39 121 131 0 0 0
 131 98 4 19 27 0 1 34 24 20 17 41 12 1 2 12 0 89 83 5
 0 0 0 0 18 31 86 70 18 0 0 0 131 111 7 11 4 0 0 0
 22 40 24 30 24 5 0 0
172.29 300.45 1.72 -0.042
 24 4 0 0 0 0 0 1 139 59 0 0 0 0 0 13 106 55 18 0
 0 0 0 3 0 5 30 3 0 0 0 0 36 0 0 0 2 2 0 5
 139 24 10 0 0 0 0 54 101 26 103 23 0 0 0 12 0 5 139 45
 0 0 0 0 27 6 0 0 2 0 0 3 125 110 73 4 0 0 4 23
 15 29 139 54 0 0 44 79 1 3 119 31 0 2 99 43 17 0 0 0
 0 0 1 23 39 11 7 0 0 0 36 139 13 11 17 1 0 3 74 139
 1 3 6 1 2 13 100 30
131.59 300.34 1.58 -0.186
 0 10 33 7 0 0 0 0 5 11 20 8 8 2 7 9 1 0 0 6
 20 10 72 34 3 0 0 0 1 0 68 87 8 19 105 19 0 0 0 0
 146 50 27 0 0 0 10 56 37 0 0 0 0 0 121 118 0 0 0 0
 0 0 115 56 25 13 25 6 0 2 1 0 146 86 3 0 0 0 0 15
 146 18 0 0 0 0 68 124 0 0 0 0 0 0 146 71 9 1 0 0
 0 5 4 6 146 42 0 0 0 0 0 21 146 26 0 0 0 0 18 71
 7 0 0 0 0 5 52 27
124.60 10.84 1.62 2.843
 40 15 10 2 0 0 15 58 21 13 1 2 3 2 132 136 0 0 6 30
 9 11 133 79 0 0 33 50 2 6 79 31 84 42 0 0 0 9 68 48
 136 72 0 0 2 6 55 77 26 2 1 15 10 32 136 35 0 0 3 13
 3 14 136 15 32 3 0 0 0 72 95 66 136 21 1 0 0 24 35 100
 72 21 15 31 3 5 29 16 0 0 6 37 4 6 19 0 42 89 16 0
 1 16 14 22 64 15 0 0 0 6 27 117 11 2 3 7 1 9 23 14
 0 0 1 7 2 11 15 0
123.99 15.25 1.62 2.805
 20 13 8 5 1 0 7 12 83 47 3 0 0 0 34 105 22 16 0 7
 8 8 113 93 0 0 7 34 9 13 118 21 37 4 0 0 0 3 68 94
 118 58 0 0 0 29 80 41 118 43 1 1 1 5 69 69 6 3 2 14
 4 13 118 13 118 22 2 0 0 8 22 95 50 11 3 0 1 83 83 79
 118 24 4 3 0 3 18 98 9 7 8 29 2 3 5 1 53 118 15 1
 1 1 0 3 71 118 18 0 0 5 8 29 51 26 2 1 0 2 19 64
 0 0 3 8 2 8 19 1
108.31 18.50 1.73 -2.753
 7 2 8 45 25 2 8 28 127 14 5 4 0 0 10 51 127 18 0 0
 1 4 22 88 10 1 0 0 2 16 77 59 2 0 0 3 17 18 112 127
 86 7 0 0 22 65 85 71 127 75 5 0 2 5 4 45 17 23 23 3
 6 19 8 8 79 7 2 0 24 27 55 127 26 1 0 0 116 127 54 49
 127 43 15 0 4 10 13 74 8 50 64 0 0 0 0 0 67 107 76 4
 8 6 0 16 11 20 17 10 33 46 16 11 8 3 11 5 5 5 8 17
 0 12 32 2 0 0 0 0
95.05 280.47 1.65 -2.550
 8 32 58 5 1 1 0 0 34 37 5 0 0 7 25 19 61 5 1 0
 0 22 48 117 129 4 0 0 0 0 3 129 21 53 25 0 0 0 30 25
 57 123 15 0 0 0 11 16 129 51 6 0 0 0 1 69 129 85 0 0
 0 0 0 40 2 0 0 0 0 0 112 41 31 9 0 0 0 0 81 70
 129 71 0 0 0 0 5 62 88 129 0 0 0 0 0 4 0 0 0 0
 0 0 53 19 4 0 0 0 0 0 43 114 19 4 0 0 0 0 61 128
 69 23 0 0 0 0 27 52
85.78 231.89 1.77 0.915
 120 26 0 0 0 0 46 77 143 46 0 0 0 0 28 99 143 35 0 1
 0 0 0 46 9 4 1 11 4 0 0 1 9 0 0 0 3 32 143 143
 51 13 0 0 31 125 143 88 143 81 0 0 3 8 8 37 22 10 1 13
 3 0 0 1 0 0 3 6 11 34 67 9 4 0 0 2 36 143 79 21
 67 3 0 2 2 20 67 120 11 0 0 18 10 0 0 7 0 0 3 13
 1 0 0 0 0 0 2 15 3 11 9 0 0 0 2 20 2 2 10 5
 0 0 1 18 6 0 0 0
85.78 231.89 1.77 -1.430
 0 0 0 0 0 0 21 5 0 0 7 3 0 0 19 10 0 3 6 0
 0 2 22 2 0 0 0 0 0 2 17 3 0 0 0 23 13 2 13 3
 4 18 84 142 22 0 2 2 64 102 70 13 0 0 3 6 14 5 0 0
 0 2 15 4 0 0 25 142 37 1 2 0 32 36 58 142 61 0 0 12
 142 107 23 6 0 0 0 54 30 16 1 0 0 4 9 11 0 0 48 142
 28 0 0 0 6 55 118 118 33 0 0 0 35 142 142 15 1 0 0 3
 4 142 61 0 0 1 1 0
62.75 262.02 1.49 2.597
 122 42 0 0 0 0 0 10 122 21 3 0 0 0 0 42 121 50 2 0
 0 0 0 6 41 35 0 0 0 0 0 0 122 90 0 0 0 0 0 18
 108 122 51 0 0 0 0 5 122 106 21 0 0 0 0 2 73 34 0 0
 0 0 0 0 102 10 0 0 0 0 0 95 73 41 10 0 0 0 6 122
 122 19 2 0 0 0 0 70 73 23 0 0 0 0 0 1 122 5 0 0
 0 0 0 29 100 10 0 0 0 0 2 80 122 1 0 0 0 0 0 56
 42 10 0 0 0 0 0 2
49.10 301.45 1.73 -1.315
 8 2 0 28 62 7 8 20 109 7 8 60 50 0 0 38 77 2 1 11
 33 17 3 38 0 0 0 29 44 31 19 0 54 18 0 19 123 9 1 8
 123 15 2 21 95 3 0 58 64 6 5 123 22 13 1 28 15 3 11 123
 19 8 2 6 102 49 0 0 123 58 1 2 123 54 20 22 72 59 9 10
 20 22 33 123 17 0 0 1 72 32 12 96 10 0 0 6 82 37 3 6
 33 21 2 9 4 3 5 42 95 42 5 2 0 1 6 108 40 6 0 0
 57 58 11 45 23 0 0 0
47.29 273.51 1.59 -2.831
 1 1 1 0 0 0 67 45 0 0 4 0 0 17 125 8 2 0 1 0
 0 10 107 46 11 0 0 0 0 0 28 98 3 21 144 11 0 0 8 13
 16 46 144 5 0 2 19 4 107 38 29 1 0 2 37 60 10 0 0 0
 0 0 47 103 38 35 144 40 10 1 0 2 144 75 80 0 0 0 0 18
 144 17 4 0 0 0 0 64 36 0 0 0 0 0 4 43 63 9 0 3
 30 4 0 3 144 13 0 0 0 0 0 21 144 0 0 0 0 0 0 43
 31 0 0 0 0 0 0 13
44.71 55.45 1.71 -1.246
 8 14 4 0 0 0 0 0 13 7 0 2 17 13 13 7 0 10 2 1
 6 17 15 0 0 9 9 0 0 1 0 0 27 18 9 0 0 0 0 1
 146 14 0 0 0 28 81 75 18 1 0 0 0 146 146 21 0 1 3 0
 0 110 90 0 32 16 5 0 0 0 0 0 146 44 0 0 0 2 10 17
 124 17 0 0 0 89 108 16 0 3 0 0 0 146 146 0 17 10 5 0
 0 0 0 0 146 102 5 0 0 0 0 0 78 118 28 0 0 0 0 0
 0 37 10 0 0 13 12 0
44.71 55.45 1.71 -3.107
 9 0 0 1 9 3 0 1 142 0 0 0 0 0 0 62 142 1 1 12
 7 0 0 33 0 0 0 49 105 0 0 0 26 0 0 8 7 0 0 5
 142 25 18 4 0 0 0 59 105 19 137 103 2 0 0 12 0 0 112 142
 54 0 0 0 17 1 1 4 2 1 17 15 114 66 109 37 0 0 1 13
 10 15 142 142 1 0 0 0 0 0 104 116 3 0 0 0 0 0 4 17
 2 0 3 2 0 2 19 26 11 0 0 0 0 0 10 20 11 3 0 0
 0 0 0 3 5 3 0 0
43.64 278.95 1.53 -1.238
 0 4 13 8 0 0 0 0 26 43 21 1 0 0 0 1 153 60 3 0
 0 0 1 34 25 4 0 2 32 38 5 17 0 2 61 5 0 0 19 6
 48 35 51 7 0 3 27 8 153 51 3 0 0 0 4 38 54 0 0 0
 30 43 5 18 0 0 6 0 0 5 153 36 18 3 4 1 0 24 153 36
 153 8 0 0 0 2 40 91 83 1 0 2 48 19 1 7 0 0 0 0
 0 32 153 4 0 0 0 0 0 55 153 5 61 0 0 0 0 22 153 61
 34 1 0 10 53 7 9 12
30.98 76.26 1.59 -0.981
 15 11 7 52 17 1 9 15 8 3 12 61 23 28 78 36 140 28 10 0
 4 12 11 85 57 10 1 0 4 8 9 43 32 57 27 50 55 5 9 23
 63 102 140 101 63 55 81 52 140 15 17 39 32 21 6 67 64 4 7 34
 24 8 3 23 0 16 14 9 70 107 2 0 69 42 101 30 13 75 23 25
 140 33 20 26 0 0 4 41 29 21 35 65 1 0 0 0 1 3 2 0
 2 55 8 0 16 1 0 0 1 62 83 49 86 23 29 11 0 0 15 57
 3 25 38 21 0 0 0 0
15.52 139.86 1.55 -0.961
 22 22 7 17 0 0 0 7 92 133 14 7 20 2 0 2 30 30 6 10
 56 32 55 60 53 0 0 0 0 1 21 133 0 7 14 32 0 0 0 0
 82 133 16 4 0 0 0 4 133 117 0 0 0 3 35 60 30 7 0 0
 0 0 16 64 2 0 17 22 0 0 0 0 133 14 6 4 0 0 0 97
 133 22 0 0 0 0 0 133 44 10 0 0 0 0 0 6 21 3 12 7
 0 0 0 11 133 1 1 0 0 0 0 133 122 3 0 0 0 0 0 106
 20 8 0 0 0 0 0 1
14.26 148.30 1.73 -1.649
 2 5 8 1 2 131 79 0 104 57 16 0 1 103 127 46 131 53 0 0
 0 0 10 40 17 3 0 0 2 3 0 1 17 98 14 6 46 106 40 0
 39 15 5 16 68 96 75 30 131 39 1 0 0 2 10 41 26 7 1 1
 1 0 0 0 18 131 33 5 17 9 0 0 19 58 60 10 34 72 17 23
 124 60 13 0 0 5 10 74 17 15 3 0 0 0 0 3 9 28 22 6
 10 0 0 0 2 59 109 9 3 0 0 1 53 131 43 0 0 0 0 5
 29 54 3 0 0 0 0 0
11.05 31.34 1.67 2.141
 24 0 0 0 0 0 0 15 159 0 0 0 0 0 0 73 159 1 0 0
 0 0 0 45 2 0 0 0 0 0 0 1 52 2 0 0 0 0 0 9
 159 43 10 0 0 0 0 67 137 29 100 7 0 0 0 23 1 1 125 37
 0 0 0 0 27 19 0 0 0 0 0 0 98 159 93 0 0 0 0 4
 14 58 159 24 0 0 0 0 0 0 159 94 0 0 0 0 0 11 2 0
 0 0 0 0 0 21 30 0 0 0 0 0 0 4 71 21 0 0 0 0
 0 0 34 52 1 0 0 0
11.05 31.34 1.67 -2.754
 3 0 0 0 0 0 0 9 0 0 0 0 0 0 28 22 0 0 0 0
 0 1 77 7 0 0 0 0 0 8 69 1 30 0 0 0 0 0 0 16
 107 3 0 0 0 0 82 150 17 0 0 0 0 5 150 74 0 0 0 0
 0 13 150 23 45 20 1 0 0 0 0 1 150 92 0 0 0 0 7 34
 125 45 0 0 0 1 81 31 0 0 0 0 0 5 78 10 8 44 10 0
 0 0 0 0 150 150 1 0 0 0 0 0 150 132 0 0 0 0 0 0
 4 8 4 0 0 0 0 0
2.54 187.29 1.73 2.083
 11 2 2 128 128 0 0 1 113 20 2 42 12 0 0 46 128 125 59 17
 1 0 0 18 7 26 77 55 3 0 0 0 37 2 1 65 128 80 2 6
 128 22 5 6 4 5 1 59 40 17 38 67 56 0 1 30 0 1 25 16
 6 0 0 0 10 12 6 12 128 128 0 0 66 76 89 31 43 49 0 2
 7 15 89 40 14 0 0 0 0 0 0 0 1 0 0 0 10 48 6 6
 82 56 0 0 0 3 24 48 128 55 0 0 0 0 16 11 3 0 0 0
 0 0 0 0 0 0 0 0
214.97 309.60 1.30 1.936
 48 15 0 0 0 0 32 52 4 5 2 0 0 0 92 66 6 2 0 0
 0 53 125 25 1 0 0 0 13 113 70 3 125 25 15 7 0 0 1 28
 32 37 71 19 0 0 4 12 125 35 11 4 17 14 32 57 10 0 0 55
 125 71 28 14 61 109 16 11 0 0 0 3 83 25 27 24 2 0 0 5
 125 63 40 40 24 0 0 18 9 4 17 111 125 14 2 1 72 125 7 1
 0 0 0 0 25 44 51 5 0 0 0 0 26 76 125 23 1 0 0 0
 1 14 50 53 16 2 0 0
214.92 295.10 1.32 -0.098
 127 6 0 0 0 0 0 31 127 39 24 0 0 0 0 13 19 23 41 30
 4 0 0 0 81 5 3 9 1 0 6 35 127 33 21 1 0 0 0 32
 55 78 127 14 0 0 0 3 113 84 86 5 0 0 0 4 127 27 2 0
 0 0 0 6 47 31 60 11 1 0 1 7 107 37 92 11 0 0 1 32
 127 20 5 0 0 0 0 46 96 57 0 0 0 0 0 2 5 2 5 8
 2 1 75 79 54 5 3 1 0 0 112 127 105 6 0 0 0 0 34 78
 23 14 0 0 0 1 2 14
207.84 307.01 1.20 -1.395
 0 0 16 10 3 2 0 0 13 6 12 1 1 9 5 11 39 2 0 0
 1 14 91 117 1 0 0 0 44 77 99 24 0 1 99 31 0 0 0 0
 83 55 81 7 0 0 0 10 138 34 1 0 17 12 13 80 24 1 0 2
 138 82 16 17 1 2 54 17 0 1 60 32 105 26 23 1 0 0 17 97
 138 109 36 11 10 0 0 27 17 20 46 47 109 31 5 0 0 0 0 0
 0 24 57 9 15 26 7 0 2 18 9 16 23 125 102 3 1 1 0 1
 0 40 138 18 2 0 0 0
203.95 98.91 1.19 1.524
 0 0 14 5 0 2 93 43 5 0 6 2 3 37 97 25 46 0 0 0
 0 5 60 118 4 0 0 0 2 5 118 57 10 0 0 0 8 18 112 98
 24 0 0 0 118 100 62 13 118 9 1 2 23 10 7 73 23 6 4 16
 32 5 16 17 22 17 43 19 14 3 2 16 17 9 22 79 118 12 0 1
 118 96 67 16 27 0 0 2 8 17 118 41 11 0 0 0 0 2 118 57
 0 0 0 0 0 3 78 112 15 0 0 0 2 32 89 20 2 0 0 0
 0 3 107 14 0 0 0 0
203.95 98.91 1.19 -1.553
 0 0 0 0 0 4 118 7 0 0 0 0 2 37 101 10 9 0 0 0
 0 7 73 90 0 0 0 0 0 1 118 44 12 0 0 0 6 15 118 32
 17 0 0 5 118 92 73 15 118 4 0 1 24 12 25 95 19 2 1 9
 16 17 63 28 28 7 21 20 19 5 3 17 23 8 8 94 118 6 1 2
 118 85 48 13 25 0 0 2 14 20 99 77 12 1 0 0 1 7 118 48
 3 0 0 0 1 7 64 118 36 0 1 0 5 48 102 20 3 0 4 1
 0 4 116 42 0 0 9 2
200.86 98.73 1.21 1.497
 1 0 17 8 0 12 60 18 26 0 5 2 0 3 66 122 3 0 0 0
 0 4 122 92 0 2 1 1 4 5 115 60 12 0 0 0 59 91 91 19
 122 3 0 0 19 17 18 109 36 5 2 13 37 10 51 39 3 10 7 27
 57 10 13 4 12 5 9 34 122 29 4 2 122 83 40 12 44 3 0 5
 24 27 122 55 25 0 0 1 2 3 97 57 37 5 0 1 0 2 65 109
 31 0 0 0 8 48 97 32 9 0 0 0 0 8 122 32 0 0 0 0
 0 1 104 27 0 0 0 0
200.24 95.15 1.30 0.318
 12 0 0 36 113 0 0 1 123 1 0 2 8 0 0 36 69 3 10 13
 7 25 18 24 3 17 31 23 30 27 16 2 26 1 0 28 123 0 0 5
 123 23 0 1 5 0 1 81 69 15 3 4 5 37 22 39 0 0 2 33
 86 43 21 0 23 6 0 16 118 3 0 4 123 123 14 0 1 0 8 30
 19 123 108 8 5 17 16 7 0 11 49 92 117 12 2 0 33 0 0 17
 79 0 0 15 86 14 2 0 0 5 53 108 4 39 45 2 3 69 114 15
 0 7 41 51 40 48 11 0
169.70 315.61 1.25 1.785
 37 0 0 83 168 2 0 2 196 4 0 2 15 1 0 14 130 8 0 0
 0 0 0 13 40 1 0 0 0 0 0 19 49 1 0 52 86 113 4 4
 196 8 0 1 8 6 0 35 149 6 0 0 0 0 1 55 30 4 0 0
 0 0 0 22 31 3 0 11 102 52 1 0 196 31 0 4 12 2 0 5
 126 46 0 0 0 0 0 5 9 23 3 0 0 0 0 1 0 0 0 0
 0 0 0 0 18 0 0 0 0 0 0 0 10 5 0 0 0 0 0 0
 1 5 0 0 0 0 0 0
147.59 70.23 1.14 0.050
 51 12 0 0 0 0 0 0 135 39 0 1 18 4 0 13 45 5 0 3
 135 24 0 9 135 4 0 2 28 2 0 20 68 3 0 0 0 0 0 8
 135 15 1 3 20 14 1 74 60 6 1 15 135 56 1 21 135 23 0 3
 40 5 0 4 60 22 0 0 0 0 0 2 135 135 47 20 9 0 0 7
 29 39 56 129 125 2 0 1 128 89 21 19 20 1 0 1 14 20 0 0
 1 0 0 0 18 73 33 3 0 0 0 4 5 21 44 27 1 0 3 8
 7 42 26 4 0 0 7 4
138.03 297.80 1.45 -0.100
 1 1 39 5 0 1 0 0 153 23 19 0 0 0 0 9 156 10 0 0
 0 0 25 59 0 0 0 0 0 0 75 22 1 0 0 0 1 8 4 1
 160 42 0 0 0 0 3 13 167 49 0 0 0 0 22 86 14 0 0 0
 0 0 123 65 4 0 0 0 2 5 3 3 134 10 0 0 0 0 2 55
 167 37 0 0 0 0 2 60 50 5 0 0 4 3 21 19 4 1 0 1
 2 1 0 0 71 51 0 0 0 0 0 3 167 121 0 0 0 0 0 1
 72 17 0 0 3 1 0 0
124.30 75.45 1.24 0.000
 8 6 18 0 0 0 0 8 22 2 8 1 0 6 37 79 5 2 1 0
 9 39 48 24 6 12 1 0 2 1 0 5 41 0 0 0 0 4 20 33
 141 8 0 1 16 26 41 141 20 3 1 5 141 126 44 30 6 17 1 1
 33 5 0 0 38 4 0 0 45 85 72 49 141 111 7 12 39 17 5 16
 35 29 8 39 141 27 2 4 9 2 0 1 50 6 0 10 69 2 0 0
 141 49 7 13 141 33 2 2 68 12 1 11 51 11 3 25 141 24 2 7
 5 9 0 6 41 3 0 2
124.30 75.45 1.24 -3.012
 13 0 0 4 7 8 0 4 144 6 2 5 16 4 2 51 55 3 2 34
 144 13 3 15 144 6 1 11 51 0 0 11 33 2 0 13 9 2 0 4
 144 8 1 5 24 16 7 73 49 8 2 28 144 77 8 21 122 78 42 35
 43 4 0 2 35 3 0 0 8 14 1 4 144 93 36 35 20 3 1 21
 21 21 31 144 144 9 1 4 2 25 44 40 33 0 0 0 3 3 1 9
 6 9 0 0 14 50 61 29 3 1 0 0 0 6 38 96 25 2 4 0
 0 0 0 13 8 5 6 0
118.60 315.59 1.40 1.695
 0 0 0 0 141 64 6 3 3 1 0 0 10 31 46 34 0 0 0 5
 26 96 32 1 0 2 7 3 8 80 12 0 19 1 0 0 141 11 0 9
 141 11 0 0 21 56 117 137 12 1 0 0 62 141 116 16 0 0 0 1
 17 137 31 0 23 3 0 2 123 1 0 0 141 45 0 1 28 15 9 18
 45 8 0 9 141 100 9 4 0 1 15 21 80 27 3 0 0 0 0 0
 0 0 0 0 10 0 0 0 1 0 0 0 2 0 0 1 25 0 0 0
 0 0 2 3 8 0 0 0
118.60 315.59 1.40 -0.625
 70 22 3 0 0 3 3 8 15 1 0 0 2 14 26 107 0 0 0 0
 0 0 6 56 0 0 0 0 0 0 0 0 138 27 0 0 0 0 0 8
 138 40 7 16 1 0 6 138 30 8 7 138 20 0 5 114 0 0 0 20
 1 0 0 0 113 24 0 0 0 0 5 27 138 138 90 50 1 0 0 9
 14 29 76 138 24 0 1 54 0 0 0 22 2 0 4 76 12 7 8 3
 7 12 12 14 38 36 35 5 1 0 0 37 14 2 14 9 0 0 4 138
 0 0 0 0 0 0 14 138
104.92 23.18 1.28 2.393
 39 45 15 2 0 0 2 12 10 47 62 0 0 10 50 23 30 123 57 0
 0 11 35 8 29 64 8 5 3 0 0 3 123 42 0 0 0 5 2 11
 123 8 0 0 0 21 82 111 24 8 0 0 0 91 123 51 36 13 0 0
 3 11 55 47 115 19 0 0 0 21 27 18 123 123 7 0 0 5 6 28
 20 92 15 24 5 33 60 20 1 11 29 89 26 17 36 9 12 4 0 0
 0 6 23 11 25 123 8 0 0 0 2 5 6 123 40 64 15 0 0 0
 0 48 67 123 47 0 0 0
94.15 19.35 1.26 -2.405
 6 11 33 22 4 0 0 3 37 102 101 4 0 0 0 28 40 125 33 3
 6 3 0 21 1 9 10 14 49 26 6 0 5 1 17 31 77 65 3 1
 125 31 38 8 8 5 0 89 97 41 7 1 0 1 4 109 3 5 6 8
 6 4 2 2 4 0 0 0 125 125 2 1 125 77 0 0 20 36 2 14
 124 88 0 0 1 3 1 13 1 2 0 0 8 10 0 0 0 0 0 0
 125 125 0 0 47 47 0 0 56 65 0 0 124 125 0 0 1 1 0 0
 13 15 0 0 1 7 1 0
78.52 276.36 1.30 -0.766
 27 0 0 0 88 46 7 27 135 1 0 0 4 5 4 104 67 0 0 24
 43 25 0 12 0 0 0 34 93 13 0 0 40 0 0 0 57 32 9 36
 135 12 1 1 4 3 4 100 45 4 2 46 117 4 1 12 0 0 0 45
 106 3 0 0 33 1 0 0 25 32 21 18 135 65 6 3 1 0 8 55
 24 25 11 51 77 45 27 18 0 0 0 30 72 39 1 0 4 0 0 0
 4 33 88 23 85 2 0 0 0 2 36 135 16 0 0 0 32 117 71 70
 0 0 0 1 67 135 3 0
36.11 310.77 1.24 1.929
 101 2 1 20 40 4 10 115 93 18 21 96 12 0 0 58 36 28 14 37
 54 68 19 8 24 0 0 1 56 55 48 115 33 13 21 29 6 3 25 115
 40 23 15 51 91 28 3 16 115 50 5 11 17 15 14 26 22 3 5 48
 83 9 28 49 115 16 25 86 5 2 5 30 72 3 1 1 55 93 26 46
 99 11 21 13 10 21 22 68 15 6 28 82 102 5 1 4 115 5 4 15
 0 0 0 25 51 0 2 45 13 21 7 11 30 13 24 57 4 5 7 12
 20 6 17 46 106 15 3 13
32.72 295.73 1.10 1.810
 22 60 31 14 18 3 1 0 115 47 1 0 0 17 54 23 12 0 0 3
 2 77 129 14 0 0 0 1 1 56 66 3 81 16 2 2 69 46 0 6
 130 20 0 12 2 0 1 25 32 7 45 108 15 17 9 6 0 40 54 14
 3 42 13 0 69 0 0 0 108 89 3 14 130 13 0 23 26 2 0 17
 12 10 31 130 119 0 0 0 3 130 56 22 6 0 0 0 26 0 0 1
 85 71 6 19 126 0 0 6 48 7 4 42 4 1 1 35 130 2 0 0
 11 42 3 7 16 0 0 1
30.53 77.82 1.30 -1.054
 4 7 8 73 32 1 13 11 14 6 12 19 12 13 36 19 133 12 5 1
 2 5 6 54 42 4 0 0 3 11 10 28 67 62 29 43 34 9 58 97
 43 34 52 91 109 111 119 64 133 4 2 13 27 11 1 42 63 2 1 17
 34 11 4 16 22 84 69 22 46 28 6 4 54 62 133 119 37 8 4 3
 133 31 7 20 7 0 0 6 44 10 9 56 20 0 0 0 0 0 0 0
 12 88 16 0 36 4 2 4 15 42 40 32 133 21 6 8 2 0 6 43
 15 12 13 41 13 0 0 0
28.67 315.82 1.29 -2.116
 0 0 0 0 0 0 0 0 4 0 0 0 0 0 1 2 32 7 0 0
 0 5 9 7 41 17 9 2 1 48 2 1 25 0 0 0 0 0 0 11
 159 18 0 0 0 2 8 80 114 20 3 1 11 73 48 60 54 14 27 26
 30 27 5 12 55 0 0 0 0 4 7 75 159 159 28 1 0 0 0 65
 65 159 73 6 15 22 4 14 47 30 4 3 21 69 18 35 26 0 0 3
 9 2 6 89 19 87 31 35 25 0 0 21 53 159 23 1 0 0 0 0
 74 159 7 3 15 5 2 5
16.94 19.48 1.38 1.920
 10 0 0 0 0 0 2 26 81 0 0 0 0 0 20 166 22 0 0 0
 0 0 90 166 0 0 0 0 0 0 57 96 46 0 0 0 0 0 0 27
 166 6 0 0 0 0 0 110 120 5 0 0 0 0 2 90 1 0 0 0
 0 0 1 6 56 1 0 0 0 0 0 14 166 64 0 0 0 0 0 16
 149 39 0 0 0 0 0 11 2 1 0 0 0 0 0 1 39 0 0 0
 0 0 0 6 166 27 0 0 0 0 0 15 143 21 0 0 0 0 0 13
 1 1 0 0 0 0 0 0
15.15 29.83 1.26 2.001
 9 0 0 0 0 0 0 10 141 2 0 0 0 0 0 22 157 13 0 0
 0 0 0 48 36 3 0 0 0 0 0 12 16 0 0 0 0 0 0 5
 157 12 0 0 0 0 0 9 157 51 0 0 0 0 0 24 46 14 1 0
 0 0 0 5 16 1 0 0 0 0 0 1 157 22 0 0 0 0 0 10
 157 87 40 2 0 0 0 41 27 12 132 38 0 0 0 6 7 4 0 0
 0 0 0 0 41 51 3 0 0 0 0 0 41 144 140 6 0 0 0 0
 0 9 157 52 0 0 0 0
14.29 25.61 1.30 1.991
 53 0 0 0 0 0 0 19 178 27 0 0 0 0 0 39 116 21 0 0
 0 0 0 20 1 1 0 0 0 0 0 1 72 0 0 0 0 0 0 16
 178 21 0 0 0 0 0 54 158 13 0 0 0 0 0 32 2 0 0 0
 0 0 0 2 80 3 0 0 0 0 0 7 178 50 0 0 0 0 0 23
 151 34 0 0 0 0 0 13 2 1 4 2 0 0 0 0 59 5 0 0
 0 0 0 1 178 52 8 0 0 0 0 32 96 27 87 21 0 0 0 17
 1 0 122 60 0 0 0 0
13.64 191.90 1.29 -1.068
 70 128 0 0 4 7 0 0 36 49 0 0 12 48 15 17 82 0 0 0
 0 9 13 136 35 0 0 0 0 0 1 50 47 94 2 4 38 11 0 0
 138 138 0 0 0 4 13 44 61 3 0 0 0 1 13 138 9 0 0 0
 0 0 2 32 34 16 2 10 74 2 0 23 138 58 1 1 1 0 0 129
 123 3 0 0 0 0 0 53 2 0 0 0 0 0 4 27 46 0 0 5
 27 4 3 119 138 0 0 0 0 0 0 138 31 0 0 0 0 0 1 59
 2 0 0 0 0 0 4 13
3.07 16.39 1.38 -1.117
 0 0 0 0 0 0 0 0 73 4 0 0 0 0 3 28 75 1 0 0
 0 0 45 131 0 0 0 0 0 0 37 28 13 0 0 0 0 0 0 0
 184 9 0 0 0 0 0 38 184 4 0 0 0 0 0 36 1 0 0 0
 0 0 0 1 71 0 0 0 0 0 0 3 184 52 0 0 0 0 0 12
 184 31 0 0 0 0 0 4 1 0 0 0 0 0 0 0 92 3 0 0
 0 0 0 11 184 49 0 0 0 0 0 4 184 22 0 0 0 0 0 2
 1 0 6 5 0 0 0 0
224.92 106.25 1.03 1.710
 24 0 0 4 7 1 0 15 145 0 0 1 3 0 1 141 93 0 0 0
 5 10 43 142 25 0 0 3 19 8 40 71 34 1 0 2 10 4 0 15
 145 25 10 1 1 0 0 107 112 28 88 24 7 4 2 35 33 43 103 12
 19 3 1 12 22 15 1 6 25 2 0 2 128 145 110 7 1 0 0 7
 15 45 145 51 0 0 0 1 0 47 145 7 0 0 0 0 1 2 1 14
 34 1 0 0 16 32 28 4 3 0 0 6 25 14 41 1 0 0 0 13
 4 7 23 0 0 0 1 11
224.92 106.25 1.03 -3.009
 0 12 35 1 0 0 0 1 1 5 24 3 0 4 16 8 0 1 9 4
 0 14 27 0 0 3 6 1 0 19 32 0 28 5 5 0 0 4 12 35
 80 5 3 0 0 10 143 143 4 0 2 1 0 104 143 17 0 2 5 0
 0 118 143 0 53 2 0 0 0 11 25 18 143 55 0 0 0 1 27 57
 66 20 7 4 2 48 143 25 0 0 4 8 42 143 111 0 29 0 0 0
 1 11 5 8 143 9 0 0 0 0 0 45 91 11 17 3 1 14 38 41
 0 2 13 8 49 75 25 0
223.29 91.78 0.88 2.062
 7 0 0 2 4 0 1 58 12 0 0 9 10 0 2 88 8 0 0 3
 6 0 36 123 21 6 4 4 2 1 65 84 9 2 1 19 16 1 4 8
 123 17 1 5 3 0 1 123 67 11 6 7 38 22 17 123 41 3 2 5
 12 10 13 123 11 8 1 40 20 2 2 0 123 123 18 3 1 0 1 11
 46 123 123 6 8 7 2 13 40 121 99 4 1 4 8 42 1 0 0 5
 7 21 118 17 21 35 5 0 0 16 104 23 5 64 56 0 0 10 50 7
 1 77 105 1 0 3 8 2
222.39 292.05 0.96 -1.242
 4 161 51 7 7 0 0 0 58 124 111 0 0 0 0 8 95 40 11 0
 0 0 0 24 6 9 7 4 3 0 0 1 34 54 50 38 24 1 0 0
 163 76 25 0 0 0 0 60 136 6 0 0 2 2 0 70 0 2 1 1
 6 2 0 1 65 6 2 9 29 31 2 9 163 60 0 0 0 1 0 22
 139 59 0 0 2 1 0 12 0 2 0 6 14 4 0 0 48 16 12 4
 8 7 0 5 163 8 0 0 0 0 7 104 82 14 0 0 3 41 45 80
 1 4 3 34 23 12 1 0
219.30 98.58 0.93 0.317
 16 5 1 20 76 7 0 1 143 35 0 0 0 0 0 35 122 70 2 0
 0 0 17 65 12 31 2 2 7 2 24 29 43 4 1 34 87 1 0 8
 143 21 0 0 0 0 6 143 82 74 3 0 0 19 58 86 12 98 10 12
 16 10 20 7 57 25 10 43 47 0 0 1 143 101 0 0 0 0 1 37
 104 96 8 0 0 20 42 24 6 21 15 16 26 31 51 6 65 16 10 23
 2 2 3 3 143 77 1 0 0 0 0 35 61 84 16 0 0 0 7 20
 1 23 29 31 34 3 5 2
219.01 91.01 0.91 -2.884
 17 0 0 1 90 43 7 17 131 8 1 1 0 2 26 111 20 5 17 26
 7 58 87 29 1 3 10 4 4 131 42 0 39 0 0 22 113 12 1 12
 131 12 0 0 1 4 15 107 33 6 8 13 15 102 92 40 5 5 6 2
 14 77 76 11 34 2 0 6 74 22 2 8 131 75 0 0 0 1 2 49
 77 31 0 3 25 43 41 34 0 0 0 1 28 58 70 10 30 0 0 4
 56 8 1 16 131 10 0 0 0 0 0 131 60 5 8 7 1 8 22 77
 0 0 10 27 53 22 28 2
218.49 315.86 1.06 2.538
 115 19 0 3 5 0 0 16 167 47 0 0 0 0 17 92 121 10 3 0
 0 0 27 167 26 24 32 1 0 0 4 43 59 35 0 0 0 0 0 2
 167 76 0 0 0 0 0 18 167 20 24 6 0 0 0 18 6 26 51 17
 5 0 0 8 17 1 0 0 0 0 0 3 167 13 0 0 0 0 0 75
 124 38 23 9 2 3 6 16 48 25 9 2 1 1 4 81 0 0 0 0
 0 0 0 0 23 16 2 0 0 0 0 6 13 71 41 0 0 1 2 3
 38 123 29 0 0 0 1 17
206.97 101.41 0.98 -1.837
 0 0 2 1 0 0 4 7 0 0 0 0 0 0 33 53 0 0 0 0
 0 0 88 116 0 0 0 0 0 0 79 121 9 0 0 0 1 23 70 33
 107 3 0 0 0 4 50 121 16 0 0 0 1 13 121 121 0 2 3 8
 12 8 32 50 11 1 0 0 76 117 75 21 121 70 0 0 32 22 5 22
 80 44 6 5 15 30 19 14 0 0 3 44 63 17 1 0 12 3 0 3
 121 62 6 4 103 84 4 0 84 20 0 0 48 82 90 46 4 0 0 0
 0 0 55 121 15 0 0 0
196.21 100.85 1.00 -3.023
 28 0 0 0 1 6 1 3 154 6 0 0 0 0 4 37 130 42 33 0
 0 12 81 47 3 20 38 5 7 86 107 2 35 0 0 0 2 8 2 10
 154 19 2 0 0 0 0 65 105 46 63 5 2 15 24 36 7 41 50 14
 17 9 29 13 36 3 0 0 0 2 1 2 154 56 9 3 2 3 2 16
 62 83 116 41 19 29 19 16 13 80 90 12 7 5 18 30 25 1 0 0
 2 3 2 1 154 28 0 0 0 4 5 19 92 13 1 3 12 63 97 41
 8 10 20 19 14 12 51 58
193.38 98.42 0.95 1.591
 1 0 0 2 6 26 127 46 7 11 1 5 31 18 109 45 15 24 1 5
 45 24 70 26 50 1 0 6 29 23 31 48 25 15 8 27 46 10 10 6
 13 27 15 90 126 19 4 4 87 110 20 20 17 16 14 19 34 9 6 3
 12 18 45 56 18 18 68 28 42 4 1 9 9 8 57 69 109 45 12 16
 95 33 115 29 7 9 12 64 18 31 127 29 4 1 2 6 0 16 127 18
 0 0 0 0 0 5 127 70 6 1 0 0 2 6 127 43 0 0 0 1
 0 5 127 28 0 0 0 0
193.38 98.42 0.95 -1.892
 0 0 0 0 1 0 33 48 2 1 0 0 0 0 88 117 10 6 0 0
 1 1 117 117 14 5 0 1 2 3 106 105 0 0 0 0 4 4 117 117
 8 15 11 26 69 27 95 115 109 83 14 10 13 8 19 52 61 21 0 4
 19 23 13 12 8 10 6 19 18 12 82 46 6 7 15 21 98 116 38 15
 117 42 4 4 8 43 35 37 36 29 28 34 8 18 3 6 26 22 14 34
 61 3 0 1 27 54 39 28 29 24 7 1 17 21 40 68 11 33 11 2
 4 10 68 117 0 0 0 0
190.80 85.38 0.95 -1.687
 3 9 135 82 0 0 0 0 0 1 129 69 0 0 12 7 0 0 72 50
 0 2 34 8 0 0 25 17 0 0 55 23 26 1 23 10 0 0 1 29
 44 3 5 2 0 6 121 135 5 0 0 0 1 53 135 86 4 0 0 0
 2 29 135 120 78 22 0 2 0 0 0 11 135 66 0 0 1 7 22 75
 70 8 0 0 20 75 61 52 40 5 6 5 25 34 29 54 59 10 0 0
 0 0 0 2 135 48 0 0 0 0 0 17 62 22 15 32 18 17 1 8
 7 5 84 48 6 2 1 1
190.80 85.38 0.95 -3.031
 19 1 0 0 99 13 0 2 126 40 0 0 0 0 0 35 73 58 12 1
 1 3 36 57 2 3 7 9 56 12 17 5 21 0 0 4 126 17 0 7
 126 35 1 0 0 0 2 101 71 69 30 0 0 0 31 74 4 11 18 8
 41 22 18 9 19 8 0 5 126 19 0 1 126 126 47 1 2 0 0 23
 25 98 126 9 0 0 10 18 0 51 126 12 9 6 8 3 1 2 0 17
 117 9 0 0 5 45 41 2 4 2 0 0 0 32 126 7 0 0 0 0
 0 33 126 1 0 0 0 0
182.24 92.63 0.97 0.901
 3 0 0 0 0 0 1 15 35 0 0 0 0 0 14 103 126 9 0 0
 0 0 18 126 31 6 0 0 6 23 52 61 17 0 0 0 0 0 17 113
 79 4 0 0 0 3 78 126 126 33 0 0 0 25 90 79 91 52 4 3
 11 26 6 8 25 1 0 0 6 30 65 126 126 70 0 0 7 32 33 60
 84 42 1 3 0 45 65 18 29 24 11 64 6 10 23 11 57 31 0 0
 5 39 19 45 58 24 0 0 19 81 35 12 78 60 19 53 7 5 5 4
 0 1 36 126 9 2 3 0
182.24 92.63 0.97 0.269
 59 10 0 0 0 0 0 6 123 122 2 0 0 0 0 29 40 123 19 0
 0 7 16 15 2 26 16 11 30 40 28 1 80 3 0 0 0 0 0 23
 123 59 1 0 0 0 13 123 43 100 14 0 0 0 70 74 14 37 17 20
 50 3 18 22 105 3 0 0 0 0 0 39 123 108 16 0 0 7 18 68
 23 123 45 0 0 2 30 25 3 52 22 46 83 4 11 12 123 4 0 0
 2 1 0 37 104 30 5 0 0 21 68 63 15 62 11 0 0 32 90 21
 5 44 22 10 47 19 19 7
176.98 91.06 1.08 0.148
 35 5 0 0 0 0 0 3 139 68 0 0 1 5 2 21 74 21 17 6
 10 66 86 14 8 13 26 9 8 15 104 46 43 2 0 0 0 0 2 14
 139 31 0 0 0 0 1 139 98 23 3 4 1 21 56 87 0 1 14 21
 32 47 67 5 39 12 0 0 0 0 0 4 139 139 5 0 0 0 0 31
 62 139 53 0 0 4 23 30 5 41 35 15 65 31 29 5 27 4 0 0
 0 0 0 3 139 50 2 0 0 0 1 63 59 86 26 0 0 0 40 83
 9 28 14 11 52 4 19 29
170.50 94.27 1.00 1.584
 0 0 0 0 2 61 125 30 1 2 3 23 19 9 125 85 37 14 7 14
 4 10 125 25 4 0 0 0 9 26 125 26 4 5 2 13 50 27 28 9
 16 7 6 40 125 24 19 7 125 32 14 19 30 6 9 22 30 13 37 13
 34 9 32 15 7 18 42 44 57 2 0 0 12 28 47 12 73 88 12 6
 88 13 60 32 14 36 20 35 9 16 125 50 11 0 0 0 0 11 125 53
 1 0 0 0 0 37 125 23 2 4 0 0 0 2 125 72 1 3 1 0
 0 0 125 38 0 0 0 0
170.50 94.27 1.00 -1.437
 2 0 0 0 0 7 125 33 0 1 0 1 1 3 125 39 3 4 0 0
 0 43 125 21 0 0 0 0 0 36 125 12 31 0 0 0 3 25 100 50
 6 15 12 41 91 17 81 20 85 84 15 17 18 26 49 14 32 3 0 0
 11 36 72 36 47 16 56 14 15 10 23 14 14 4 15 49 125 22 16 17
 125 19 14 8 28 6 8 63 55 16 13 3 6 7 2 24 6 41 125 11
 2 0 0 0 2 30 125 19 31 10 7 12 20 16 125 53 2 3 5 30
 7 85 125 15 0 0 0 1
158.02 44.98 1.01 0.207
 51 2 0 0 0 0 0 6 196 0 0 0 0 0 0 22 147 0 0 0
 0 0 0 10 8 2 0 0 0 0 0 2 76 7 0 0 0 0 0 2
 196 1 0 0 0 0 0 22 165 6 0 0 0 0 0 9 5 8 1 0
 0 0 0 1 83 4 0 0 0 0 0 6 196 0 0 0 0 0 0 16
 152 3 0 0 0 0 0 5 10 2 0 0 0 0 0 4 73 6 0 0
 0 0 0 3 196 0 0 0 0 0 0 10 108 4 0 0 0 0 0 2
 9 6 0 0 0 0 0 0
157.52 8.42 0.93 1.626
 55 6 0 0 0 0 0 2 151 42 2 4 2 0 0 11 59 24 21 151
 60 0 0 3 0 4 98 84 12 0 0 0 73 2 0 0 0 0 0 6
 151 9 1 6 28 2 3 52 43 4 7 104 151 5 4 12 9 6 40 44
 43 1 1 8 72 7 0 0 0 0 0 1 151 82 16 24 21 0 0 4
 20 18 16 96 151 5 1 1 12 0 0 3 35 6 8 24 50 3 0 0
 0 0 0 3 139 22 4 7 16 0 0 6 10 5 4 34 127 0 0 0
 23 1 0 2 12 0 0 5
157.52 8.42 0.93 -1.679
 29 2 0 0 15 3 0 0 128 9 0 0 20 13 5 11 5 0 0 0
 120 54 4 2 0 0 0 0 29 10 0 0 31 9 4 17 16 0 0 0
 145 18 1 0 14 26 14 46 27 1 0 0 145 136 13 17 0 0 0 0
 61 21 0 0 29 4 2 12 21 5 14 18 145 35 3 3 21 4 4 52
 51 9 4 10 145 42 0 7 0 0 0 1 96 16 0 0 4 0 0 0
 3 8 93 60 106 1 0 0 8 12 21 145 20 0 0 1 145 109 4 24
 0 0 0 0 85 39 0 0
148.39 77.18 0.98 0.209
 22 0 0 13 141 12 1 13 141 6 0 6 23 0 0 49 50 5 0 65
 141 1 0 15 1 0 0 24 63 0 0 2 44 3 8 98 141 1 0 4
 141 18 2 12 27 4 4 57 38 6 2 53 141 15 4 13 3 1 0 11
 56 0 0 6 37 14 23 63 20 0 0 1 141 141 76 26 8 0 0 7
 10 25 79 141 121 1 0 1 5 8 2 13 24 0 0 0 3 8 2 0
 0 0 17 7 3 33 38 2 0 2 18 1 3 8 43 21 0 0 8 3
 8 3 2 2 0 0 1 9
148.39 77.18 0.98 -3.073
 0 0 8 11 7 2 3 3 0 0 17 3 2 8 44 13 0 0 19 6
 3 24 25 0 0 0 8 9 3 9 8 3 33 0 0 1 3 7 6 25
 96 2 0 0 16 45 108 139 7 0 0 1 135 145 60 14 55 0 0 0
 16 12 38 92 73 6 0 3 3 3 0 3 145 47 4 9 53 14 5 31
 26 6 3 14 145 46 2 8 145 12 0 2 34 7 4 50 55 1 0 3
 2 0 0 7 145 7 0 5 34 9 0 24 24 2 0 17 145 29 0 4
 145 35 0 7 31 1 0 0
135.32 69.33 0.91 3.041
 42 13 0 0 51 8 0 0 102 53 0 5 27 8 0 2 3 4 0 5
 129 44 0 0 0 0 0 0 31 17 0 0 34 4 0 0 77 33 0 1
 129 18 0 1 7 18 11 41 19 1 0 1 129 129 15 17 0 0 0 0
 70 32 0 0 23 2 0 0 86 57 0 1 129 36 0 0 10 10 1 13
 70 9 0 0 129 108 2 8 0 0 0 0 115 45 0 0 8 1 0 0
 108 40 2 1 129 52 0 0 14 3 0 0 78 28 0 5 129 34 0 0
 0 0 0 0 124 39 0 0
135.32 69.33 0.91 0.216
 38 3 0 0 0 0 0 4 138 0 0 0 4 0 0 60 58 0 0 32
 138 1 0 26 41 0 0 18 85 0 0 13 68 7 0 0 0 0 0 10
 138 8 1 9 12 0 0 43 57 3 2 92 138 0 0 6 80 1 0 21
 65 0 0 14 83 4 0 0 0 0 0 13 138 52 15 25 10 0 0 16
 16 14 15 138 138 0 0 0 99 11 0 16 27 0 0 8 78 2 0 0
 0 0 0 12 122 5 1 6 32 5 3 42 4 1 1 30 131 5 1 2
 103 0 0 4 11 0 0 23
132.89 13.03 0.95 1.616
 0 1 11 8 7 8 9 1 52 20 21 1 0 2 11 5 166 19 1 0
 19 3 0 15 68 1 0 0 137 29 3 30 1 0 0 2 12 18 44 11
 76 9 4 26 28 12 25 6 166 15 4 8 17 3 0 31 89 19 13 32
 103 21 3 26 9 12 10 18 38 2 2 5 95 10 2 41 77 8 4 9
 166 97 83 46 4 0 0 14 19 34 135 166 20 0 0 1 0 17 35 6
 8 2 3 0 16 8 20 14 17 17 12 6 32 43 109 37 1 1 2 5
 35 12 66 32 0 0 1 33
132.67 69.15 0.90 0.073
 55 4 0 0 0 0 0 6 152 0 0 0 13 7 5 43 18 0 0 0
 152 34 6 9 61 14 0 1 41 2 0 8 87 11 0 0 0 0 0 1
 152 5 0 0 25 3 0 23 30 0 0 3 152 11 0 8 107 3 0 0
 58 0 0 7 87 9 0 0 0 0 0 1 152 30 1 6 28 0 0 2
 32 6 1 32 152 0 0 0 93 11 0 5 50 0 0 2 59 9 0 0
 0 0 0 3 152 67 9 14 9 0 0 1 9 14 10 70 135 1 0 0
 62 16 0 7 28 0 0 1
130.33 13.35 1.01 1.638
 7 7 10 2 1 4 13 3 134 12 2 0 2 1 1 14 106 1 0 0
 122 21 3 24 124 0 0 0 19 7 2 106 15 3 2 21 29 9 17 3
 134 16 6 10 5 1 1 28 122 21 23 55 86 13 2 21 99 89 78 6
 8 2 1 36 22 3 4 24 49 8 3 5 134 70 66 22 4 1 2 14
 29 36 134 134 9 0 0 3 5 76 134 15 0 0 5 12 1 4 18 7
 5 8 10 1 12 16 52 25 3 5 2 5 50 10 45 14 0 0 0 43
 28 4 3 0 0 0 32 79
130.34 8.13 0.92 1.583
 44 7 0 0 0 0 6 20 140 40 0 0 19 2 0 2 28 3 0 0
 140 25 1 5 134 0 0 0 16 4 2 57 35 14 15 0 0 0 2 8
 140 16 1 0 16 5 0 14 51 1 0 0 140 41 0 22 140 0 0 0
 13 7 0 101 41 12 10 0 0 1 8 4 140 22 0 0 13 3 0 7
 72 2 0 0 129 35 4 28 140 2 0 0 5 5 2 94 33 4 2 12
 14 4 8 1 140 13 3 5 6 1 0 7 55 15 14 34 62 12 1 10
 64 63 62 3 2 0 0 15
130.20 76.01 0.91 0.019
 61 22 0 0 30 28 4 3 136 111 14 19 26 1 0 3 4 9 7 40
 136 12 0 0 3 0 0 1 36 5 0 6 52 10 0 1 135 17 0 3
 136 40 2 4 18 9 7 45 17 4 2 16 136 48 7 10 4 4 1 5
 46 6 0 3 59 3 0 0 136 12 0 1 136 46 10 12 19 1 0 8
 18 10 9 67 136 4 0 1 9 9 0 11 47 0 0 0 32 8 0 9
 136 1 0 0 136 42 2 3 12 3 0 1 15 4 2 12 136 27 1 1
 3 4 0 1 36 4 0 0
130.20 76.01 0.91 -3.135
 40 4 0 0 3 5 0 1 137 20 0 0 15 6 4 18 12 2 0 0
 137 43 4 4 137 4 0 0 31 6 0 5 52 0 0 0 8 9 1 12
 137 8 1 3 20 10 8 59 19 2 1 14 137 45 8 10 137 16 0 1
 56 3 0 0 45 8 0 5 4 3 1 4 137 53 7 9 16 5 2 14
 17 9 7 37 137 61 4 5 122 23 0 2 49 15 0 1 36 4 0 5
 4 1 0 0 137 11 0 0 3 8 7 37 32 1 0 4 137 104 14 19
 18 26 6 4 73 20 0 0
128.17 68.86 0.98 -0.113
 5 5 2 0 0 0 0 6 11 4 0 0 0 2 20 44 35 3 0 0
 0 19 31 11 134 47 2 1 4 3 2 10 42 2 0 0 0 0 0 19
 132 4 0 0 4 20 49 134 17 5 0 0 90 134 56 25 103 100 4 1
 20 9 0 2 50 21 0 0 0 0 0 1 134 59 0 0 10 9 3 15
 58 9 0 0 134 104 4 7 121 25 0 0 62 19 0 2 20 18 0 0
 0 0 0 0 134 76 0 0 2 1 0 1 88 26 0 0 134 56 0 2
 54 21 0 0 87 21 0 0
112.67 288.99 1.04 0.715
 0 0 0 135 135 11 0 0 3 4 8 22 47 56 13 13 34 7 1 0
 0 8 24 94 7 2 0 0 0 53 41 19 0 0 0 55 135 99 4 0
 15 38 49 46 108 78 3 5 135 88 21 2 2 4 6 43 44 1 0 0
 0 69 32 27 1 2 1 4 67 118 5 1 12 4 2 3 101 135 33 20
 135 14 1 0 2 32 33 96 85 5 0 0 1 9 6 14 0 7 14 22
 32 7 0 0 0 0 0 7 59 71 14 5 54 0 0 0 1 18 22 74
 35 2 0 0 1 3 6 38
112.67 288.99 1.04 -1.821
 53 25 2 9 4 0 0 6 0 1 23 115 18 0 0 0 20 26 57 76
 1 0 0 1 29 10 7 1 0 0 6 22 51 51 23 44 8 0 0 0
 4 9 31 132 101 8 1 1 132 77 49 65 11 3 1 17 115 5 0 0
 0 1 8 62 12 40 71 49 6 0 0 0 8 6 27 72 93 52 20 12
 132 9 1 5 11 25 28 99 132 14 1 1 1 1 2 26 6 11 37 35
 28 7 0 1 61 25 16 6 1 3 13 45 57 1 0 0 0 2 65 132
 42 12 0 0 0 0 132 132
98.62 24.51 0.93 -1.303
 14 36 23 0 0 0 1 5 10 4 0 0 0 10 43 13 1 3 0 0
 0 20 30 0 0 1 0 4 1 5 9 0 68 131 18 1 0 0 8 8
 131 84 0 0 0 18 78 45 17 0 0 0 0 113 131 16 0 0 0 0
 1 55 131 0 35 28 0 0 0 36 131 43 131 50 0 0 0 7 48 105
 99 2 0 3 9 52 88 39 4 8 4 3 7 55 125 7 0 0 0 0
 1 52 111 23 95 14 2 0 0 12 52 92 52 18 21 56 18 2 1 16
 2 26 68 55 12 3 1 1
96.35 22.52 1.13 -1.220
 0 5 33 129 50 8 0 0 25 60 39 7 0 0 2 5 18 9 0 0
 0 18 42 13 1 2 0 0 0 18 20 0 0 5 18 108 10 2 47 34
 95 100 15 4 0 13 85 27 129 53 0 0 0 39 79 57 7 0 0 0
 0 103 129 8 0 0 0 6 3 7 106 129 26 3 0 0 1 96 129 71
 129 12 2 4 2 16 55 129 22 11 13 26 14 32 44 15 2 0 0 4
 1 1 5 111 2 1 0 8 6 20 18 9 33 29 19 17 3 3 8 19
 3 12 50 92 17 4 0 0
53.79 306.57 0.96 1.092
 86 30 0 0 0 5 3 2 158 11 0 0 0 0 0 30 114 22 16 4
 6 4 0 11 0 5 4 2 84 116 0 0 98 3 0 0 19 76 9 16
 158 4 0 1 1 0 0 43 87 30 18 37 13 0 0 10 5 53 8 5
 35 31 0 0 63 0 0 1 89 66 4 21 158 20 3 10 3 1 1 26
 52 42 28 112 33 0 0 0 50 106 15 11 5 5 0 0 26 3 5 6
 43 25 5 18 138 50 8 9 3 1 1 23 16 34 17 83 57 0 0 0
 99 89 7 11 4 0 0 0
43.55 315.11 0.96 -1.981
 9 0 0 0 0 4 0 1 77 6 0 0 1 0 0 4 19 5 0 6
 19 1 0 1 57 12 0 0 1 4 1 4 35 0 0 0 29 135 6 10
 135 10 0 3 10 14 4 31 44 19 13 49 66 6 1 7 111 47 8 7
 2 1 0 8 9 7 3 0 55 135 4 5 135 19 1 11 31 51 7 23
 38 41 23 118 135 0 0 0 129 135 18 20 10 0 0 1 0 64 34 4
 32 44 2 0 48 7 2 3 38 42 15 29 15 13 4 28 135 18 0 4
 121 135 6 13 44 1 0 0
42.63 286.44 0.98 -0.448
 4 1 0 2 1 4 1 0 114 73 0 1 1 0 0 0 89 46 0 0
 37 57 19 3 11 0 0 0 10 40 62 119 2 6 6 5 2 0 1 3
 91 44 1 2 2 2 17 28 136 54 0 0 0 11 30 41 51 8 6 1
 0 9 48 117 51 34 6 0 0 0 6 87 22 1 0 0 0 0 132 136
 114 6 0 0 0 5 88 136 29 15 31 19 8 3 4 14 98 9 0 0
 0 1 14 136 14 0 0 0 0 1 66 136 0 0 0 9 18 25 58 28
 0 0 0 56 52 10 2 0
42.63 286.44 0.98 -1.452
 0 31 57 1 5 65 55 3 49 37 24 0 0 8 67 81 100 83 16 11
 4 0 1 32 2 12 10 39 72 16 0 0 0 77 142 1 0 1 2 0
 14 142 142 0 0 0 5 12 98 142 68 2 0 0 0 19 21 15 5 7
 11 25 17 20 0 3 9 1 4 5 1 0 82 35 24 1 1 2 2 18
 142 52 5 0 0 0 0 69 74 2 0 0 3 15 17 52 0 3 16 16
 3 0 0 0 44 49 37 20 1 0 0 1 142 142 8 0 0 0 0 5
 96 25 0 0 2 6 5 13
38.23 313.16 0.91 1.680
 110 4 11 11 1 0 0 118 15 11 24 30 81 13 0 3 55 82 5 12
 87 24 0 0 93 83 0 0 0 4 4 8 35 10 11 88 39 1 2 70
 121 24 14 22 37 51 6 21 49 12 0 0 85 124 16 30 124 30 5 12
 0 3 4 42 64 19 10 124 79 0 1 6 124 36 3 8 14 21 1 8
 22 3 0 1 42 111 43 34 27 1 2 47 15 4 18 51 71 23 6 84
 29 0 0 0 124 55 0 0 0 1 0 0 22 12 0 26 20 16 8 1
 9 4 3 85 29 1 3 1
38.23 313.16 0.91 -0.951
 0 0 11 30 6 2 34 31 20 29 34 10 0 0 17 34 16 7 0 41
 64 0 2 9 0 0 0 79 86 0 1 0 9 6 21 117 64 2 8 2
 117 46 39 41 4 0 0 9 43 6 2 117 117 1 2 5 0 0 0 91
 105 9 47 65 30 2 1 38 117 3 1 17 117 13 6 30 19 4 2 44
 12 4 6 105 76 17 46 38 3 1 31 22 14 3 67 117 11 0 0 4
 91 16 14 63 30 0 0 13 11 16 25 87 0 0 33 117 11 14 34 18
 12 9 117 104 0 0 4 21
32.86 274.40 1.01 -2.687
 0 0 0 4 14 6 1 0 16 3 0 14 92 0 0 0 150 17 0 3
 13 0 0 3 122 3 0 0 0 0 0 25 0 0 1 5 33 6 1 0
 23 3 0 17 144 0 0 0 150 31 0 4 18 0 0 0 150 19 0 0
 0 0 0 28 0 0 1 5 37 6 1 0 33 0 0 21 150 1 0 3
 150 9 0 3 15 0 0 13 150 13 0 0 0 0 0 33 0 0 0 4
 42 14 4 0 34 0 0 15 124 1 0 9 150 2 0 0 5 0 0 32
 150 2 0 0 0 0 0 63
31.10 303.79 1.10 -1.273
 39 8 0 0 0 0 1 13 142 7 0 0 0 0 0 48 59 0 2 11
 8 1 11 55 1 2 2 15 81 19 4 3 29 23 8 14 1 0 1 1
 142 35 1 5 1 0 0 10 84 24 21 100 30 0 0 9 12 51 17 17
 52 29 1 1 46 4 2 12 11 6 0 8 142 12 1 12 18 0 0 37
 64 37 17 134 131 0 0 3 111 90 10 17 13 6 4 6 36 0 0 0
 8 50 14 30 142 0 0 5 46 1 2 75 33 19 3 56 142 1 0 4
 142 80 2 8 10 0 1 5
20.15 18.27 1.07 1.792
 1 0 0 0 0 0 1 14 33 0 0 0 0 0 2 62 64 0 0 0
 0 0 11 170 13 0 0 0 0 0 32 170 6 0 0 0 0 0 0 16
 152 5 0 0 0 0 0 30 170 18 0 0 0 0 0 99 59 1 0 0
 0 0 0 48 12 0 0 0 0 0 0 11 141 9 0 0 0 0 0 13
 170 95 0 0 0 0 0 11 57 33 3 0 0 0 0 8 11 0 0 0
 0 0 0 7 63 12 0 0 0 0 0 4 170 121 0 0 0 0 0 0
 102 41 0 0 0 0 0 7
17.60 23.60 1.06 1.980
 9 0 0 0 0 0 0 15 167 2 0 0 0 0 0 52 167 10 0 0
 0 0 0 86 12 2 0 0 0 0 2 17 19 0 0 0 0 0 0 15
 167 28 0 0 0 0 0 18 167 89 0 0 0 0 0 19 22 15 1 0
 0 0 0 5 21 0 0 0 0 0 0 10 167 5 0 0 0 0 0 39
 167 16 0 0 0 0 0 79 22 2 0 0 0 0 0 16 19 0 0 0
 0 0 0 4 167 24 0 0 0 0 0 7 167 71 0 0 0 0 0 12
 17 14 1 0 0 0 0 3
14.65 144.04 0.94 -0.542
 79 48 3 1 0 0 0 8 109 100 20 41 22 2 1 25 1 1 5 91
 114 14 1 1 27 16 2 13 22 8 3 17 48 47 4 0 0 0 0 0
 136 79 3 5 8 22 9 15 23 1 1 18 42 136 71 16 7 0 0 4
 4 19 99 136 44 15 9 0 0 0 0 9 136 22 0 0 0 4 4 38
 92 1 0 0 0 75 84 22 0 0 0 0 0 12 85 71 16 0 1 0
 0 0 10 136 136 1 0 0 0 0 4 136 53 7 4 0 0 1 2 14
 2 1 1 0 0 1 3 2
10.54 149.80 0.98 1.547
 1 7 52 73 20 12 3 0 33 69 27 6 1 13 32 11 15 37 5 1
 52 108 42 9 2 1 0 0 37 81 3 0 4 11 8 24 93 28 3 0
 28 100 37 1 0 4 8 8 117 101 15 1 16 46 15 22 17 2 0 0
 14 117 31 5 0 7 19 26 70 55 20 1 16 26 34 1 0 11 75 48
 117 73 24 0 0 2 9 61 24 71 18 1 22 101 6 2 0 19 61 78
 117 2 0 0 1 117 117 10 4 0 3 2 3 117 107 0 0 0 0 1
 1 117 40 0 2 3 0 0
4.38 266.55 0.89 0.380
 0 0 0 10 38 73 12 0 4 1 0 17 150 110 6 4 41 4 0 4
 18 20 30 80 2 0 0 0 0 33 33 13 0 0 0 41 86 2 0 0
 27 10 2 93 150 3 0 1 150 47 3 16 30 4 12 33 38 9 1 0
 2 77 43 10 0 0 0 32 124 0 0 0 32 1 0 27 150 22 2 14
 150 18 0 2 25 7 1 43 47 22 8 1 1 3 1 0 0 0 0 23
 96 0 0 0 26 0 0 11 150 15 1 12 150 2 0 0 10 4 1 36
 31 9 0 0 0 0 0 2
4.38 266.55 0.89 -2.850
 0 0 0 1 46 9 0 0 23 9 1 16 150 3 0 0 150 26 1 4
 12 0 0 5 89 0 0 0 0 0 0 11 0 0 0 0 56 28 7 1
 33 14 2 26 150 24 0 0 150 44 2 8 21 1 0 9 122 1 0 0
 0 0 0 18 2 48 34 5 40 18 3 1 33 4 7 17 150 81 2 11
 150 7 0 1 25 14 2 52 95 4 0 0 0 0 0 28 0 44 51 12
 4 0 0 0 11 15 29 85 64 10 0 3 147 111 7 7 8 3 0 11
 39 82 20 0 0 0 0 6
